@relation sentiment

@attribute "1,-1" numeric
@attribute "1,-2" numeric
@attribute "1,-3" numeric
@attribute "1,-4" numeric
@attribute "1,-5" numeric
@attribute "2,-1" numeric
@attribute "2,-2" numeric
@attribute "2,-3" numeric
@attribute "2,-4" numeric
@attribute "2,-5" numeric
@attribute "3,-1" numeric
@attribute "3,-2" numeric
@attribute "3,-3" numeric
@attribute "3,-4" numeric
@attribute "3,-5" numeric
@attribute "4,-1" numeric
@attribute "4,-2" numeric
@attribute "4,-3" numeric
@attribute "4,-4" numeric
@attribute "4,-5" numeric
@attribute "5,-1" numeric
@attribute "5,-2" numeric
@attribute "5,-3" numeric
@attribute "5,-4" numeric
@attribute "5,-5" numeric
@attribute "-5" numeric
@attribute "-4" numeric
@attribute "-3" numeric
@attribute "-2" numeric
@attribute "-1" numeric
@attribute "0" numeric
@attribute "1" numeric
@attribute "2" numeric
@attribute "3" numeric
@attribute "4" numeric
@attribute "5" numeric
@attribute classification {P, PE}

@data
1,0,0,0,0,0,0,0,0,0,0,0,0,0,0,0,0,0,0,0,0,0,0,0,0,0,0,0,0,0,0,0,0,0,0,0,P
1,0,0,0,0,0,0,0,0,0,0,0,0,0,0,0,0,0,0,0,0,0,0,0,0,0,1,2,9,0,472,0,12,5,0,0,P
0,0,1,0,0,0,0,0,0,0,0,0,0,0,0,0,0,0,0,0,0,0,0,0,0,0,1,8,14,0,372,0,10,1,0,0,P
1,0,0,0,0,2,0,0,0,0,0,0,0,0,0,0,0,0,0,0,0,0,0,0,0,0,2,2,7,0,463,0,22,7,0,0,P
0,0,0,0,0,1,0,0,0,0,0,0,0,0,0,0,0,0,0,0,0,0,0,0,0,0,3,8,20,0,454,0,13,2,1,0,P
0,1,0,0,0,2,0,0,0,0,0,0,1,0,0,0,0,0,0,0,0,0,0,0,0,0,1,4,22,0,446,0,27,4,0,0,P
0,0,0,0,0,0,0,0,1,0,0,0,0,0,0,0,0,0,0,0,0,0,0,0,0,0,6,7,17,0,455,0,11,5,0,0,P
1,0,0,0,0,0,0,0,0,0,0,0,0,0,0,0,0,0,0,0,0,0,0,0,0,0,2,2,11,0,343,0,7,3,0,0,P
1,0,0,0,0,0,0,0,0,0,0,0,0,0,0,0,0,0,0,0,0,0,0,0,0,0,2,2,11,0,343,0,7,3,0,0,P
0,0,0,0,0,2,0,0,0,0,0,0,0,0,0,0,1,0,0,0,0,0,0,0,0,0,2,1,19,0,462,0,12,7,0,0,P
0,1,0,0,0,0,0,0,0,0,0,0,0,0,0,0,0,0,0,0,0,0,0,0,0,0,1,9,29,0,453,0,4,5,0,0,P
0,1,0,0,0,3,0,0,0,0,0,0,0,0,0,0,0,0,0,0,0,0,0,0,0,0,0,0,17,0,459,0,23,5,0,0,P
0,0,1,0,0,0,0,0,0,0,0,1,0,0,0,0,0,0,0,0,0,0,0,0,0,0,0,3,9,0,468,0,15,5,2,0,P
0,0,0,0,0,0,1,0,0,0,0,0,0,0,0,0,0,0,0,0,0,0,0,0,0,0,0,0,9,0,478,0,12,2,0,0,P
0,1,0,0,0,0,0,0,0,0,0,0,0,0,0,0,0,0,0,0,0,0,0,0,0,0,1,5,28,0,455,0,10,2,0,0,P
1,0,0,0,0,0,0,0,0,0,0,0,0,0,0,0,0,0,0,0,0,0,0,0,0,0,0,3,11,0,470,0,12,5,0,0,P
1,0,0,0,0,0,0,0,0,0,0,0,0,0,0,0,0,0,0,0,0,0,0,0,0,0,0,2,12,0,473,0,11,2,1,0,P
0,1,0,0,0,0,0,0,0,0,0,0,0,0,0,0,0,0,0,0,0,0,0,0,0,0,1,2,18,0,467,0,10,3,0,0,P
1,0,0,0,0,0,0,0,0,0,0,0,0,0,0,0,0,0,0,0,0,0,0,0,0,0,3,5,17,0,462,0,12,2,0,0,P
0,0,0,0,0,1,0,0,0,0,0,0,0,0,0,0,0,0,0,0,0,0,0,0,0,0,6,4,11,0,463,0,11,6,0,0,P
0,0,0,0,0,0,0,0,0,0,1,0,0,0,0,0,0,0,0,0,0,0,0,0,0,0,2,3,5,0,476,0,12,3,0,0,P
1,0,0,0,0,0,0,0,0,0,0,0,0,0,0,0,0,0,0,0,0,0,0,0,0,0,2,1,12,0,467,0,11,7,1,0,P
1,0,0,0,0,0,0,0,0,0,0,0,0,0,0,0,0,0,0,0,0,0,0,0,0,0,0,0,7,0,475,0,15,4,0,0,P
0,0,0,0,0,1,0,0,0,0,0,0,0,0,0,0,0,0,0,0,0,0,0,0,0,0,2,2,8,0,468,0,14,6,1,0,P
1,0,0,0,0,0,0,0,0,0,0,0,0,0,0,0,0,0,0,0,0,0,0,0,0,0,0,0,9,0,473,0,14,5,0,0,P
0,0,0,0,0,1,0,0,0,0,0,0,0,0,0,0,0,0,0,0,0,0,0,0,0,0,1,4,5,0,445,0,6,4,0,0,P
0,0,0,0,0,1,0,0,0,0,0,0,0,0,0,0,0,0,0,0,0,0,0,0,0,0,1,4,5,0,445,0,6,4,0,0,P
0,0,0,0,0,3,0,0,0,0,0,0,0,0,0,0,0,0,0,0,0,0,0,0,0,0,0,5,12,0,466,0,15,5,0,0,P
1,0,0,0,0,0,0,0,0,0,0,0,0,0,0,0,0,0,0,0,0,0,0,0,0,0,1,1,9,0,480,0,5,5,0,0,P
0,1,0,0,0,3,0,0,0,0,0,0,0,0,0,0,0,0,0,0,0,0,0,0,0,0,1,1,7,0,468,0,18,9,0,0,P
1,0,0,0,0,0,0,0,0,0,0,0,0,0,0,0,0,0,0,0,0,0,0,0,0,0,1,7,14,0,466,0,11,2,0,0,P
0,0,0,0,0,0,0,0,0,0,0,0,0,1,0,0,0,0,0,0,0,0,0,0,0,0,1,2,8,0,321,0,9,6,0,0,P
0,0,0,0,0,0,0,0,0,0,0,0,0,1,0,0,0,0,0,0,0,0,0,0,0,0,1,2,8,0,321,0,9,6,0,0,P
76,10,1,0,0,6,1,0,0,0,7,0,0,0,0,0,0,0,0,0,0,0,0,0,0,0,0,1,13,0,564,0,16,7,0,0,P
0,0,1,0,0,0,0,0,0,0,0,0,0,0,0,0,0,0,0,0,0,0,0,0,0,0,1,5,15,0,461,0,16,3,0,0,P
0,1,0,0,0,1,0,0,0,0,0,0,0,0,0,1,0,0,0,0,0,0,0,0,0,0,1,4,9,0,464,0,19,4,2,0,P
2,0,0,0,0,1,0,0,0,0,0,1,0,0,0,0,0,0,0,0,0,0,0,0,0,1,2,8,11,0,472,0,7,3,0,0,P
2,1,0,0,0,1,0,0,0,0,0,0,0,0,0,0,0,0,0,0,0,0,0,0,0,0,1,2,11,0,475,0,10,5,0,0,P
1,0,1,0,0,0,0,0,0,0,0,0,2,0,0,0,0,0,0,0,0,0,0,0,0,0,1,5,23,0,457,0,10,7,1,0,P
3,0,0,0,0,0,0,0,0,0,0,0,0,0,0,0,0,0,0,0,0,0,0,0,0,0,0,4,9,0,478,0,9,3,0,0,P
2,0,0,0,0,1,0,0,0,0,0,0,0,1,0,0,0,0,0,0,0,0,0,0,0,0,2,3,9,0,466,0,18,6,0,0,P
1,0,0,0,0,1,1,0,0,0,0,0,0,0,0,0,0,0,0,0,0,0,0,0,0,0,0,2,10,0,475,0,15,1,0,0,P
2,0,0,0,0,0,0,0,0,0,1,0,0,0,0,0,0,0,0,0,0,0,0,0,0,0,1,3,12,0,471,0,11,3,2,0,P
2,0,0,0,0,1,1,0,0,0,0,0,0,0,0,0,0,0,0,0,0,0,0,0,0,0,1,1,10,0,483,0,6,2,1,0,P
1,0,0,0,0,1,1,0,0,0,1,0,0,0,0,0,0,0,0,0,0,0,0,0,0,0,0,4,8,0,475,0,11,6,0,0,P
0,0,1,0,0,0,0,0,0,0,0,0,0,0,0,0,0,0,0,0,0,0,0,0,0,0,1,5,10,0,463,0,14,6,2,0,P
1,1,0,0,0,0,0,0,0,0,1,0,1,0,0,0,0,0,0,0,0,0,0,0,0,0,4,3,23,0,456,0,15,3,0,0,P
1,1,1,0,0,0,0,0,0,0,0,0,0,0,0,0,0,0,0,0,0,0,0,0,0,0,1,6,11,0,470,0,14,1,0,0,P
2,1,0,0,0,0,0,0,0,0,1,0,0,0,0,0,0,0,0,0,0,0,0,0,0,0,0,3,12,0,474,0,9,4,2,0,P
3,0,0,0,0,0,0,0,0,0,1,0,0,0,0,0,0,0,0,0,0,0,0,0,0,0,0,3,6,0,483,0,7,5,0,0,P
2,0,0,0,0,0,0,0,0,0,1,0,0,0,0,0,0,0,0,0,0,0,0,0,0,0,0,1,5,0,486,0,8,3,0,0,P
3,0,0,0,0,1,0,0,0,0,0,0,0,0,0,0,0,0,0,0,0,0,0,0,0,0,7,1,8,0,475,0,10,3,0,0,P
3,0,0,0,0,0,0,0,0,0,0,1,0,0,0,0,0,0,0,0,0,0,0,0,0,0,0,3,9,0,484,0,5,3,0,0,P
4,0,0,0,0,0,0,0,0,0,0,0,0,0,0,0,0,0,0,0,0,0,0,0,0,0,0,4,8,0,482,0,8,2,0,0,P
3,0,0,0,0,0,0,0,0,0,0,0,0,0,0,0,0,0,0,0,0,0,0,0,0,0,2,1,8,0,478,0,11,3,0,0,P
1,0,0,0,0,1,1,0,0,0,0,0,0,0,0,1,0,0,0,0,0,0,0,0,0,0,1,4,12,0,474,0,10,2,1,0,P
1,0,0,0,0,0,0,0,0,0,0,0,0,0,0,0,0,0,0,0,0,0,0,0,0,0,0,0,0,0,32,0,1,0,0,0,P
2,0,0,0,0,0,0,1,0,0,0,0,0,0,0,0,0,0,0,0,0,0,0,0,0,0,1,2,9,0,472,0,13,5,1,0,P
2,0,0,0,0,1,0,0,0,0,0,0,0,0,0,0,0,0,0,0,0,0,0,0,0,0,4,2,11,0,476,0,8,2,0,0,P
1,0,0,0,0,1,0,0,0,0,1,0,0,0,0,0,0,0,0,0,0,0,0,0,0,0,1,4,13,0,471,0,9,4,1,0,P
1,1,0,0,0,0,1,0,0,0,0,0,0,0,0,0,0,0,0,0,0,0,0,0,0,0,0,2,7,0,485,0,8,1,0,0,P
1,2,0,0,0,0,0,0,0,0,0,0,0,0,0,0,0,0,0,0,0,0,0,0,0,0,0,3,11,0,466,0,14,8,1,0,P
2,0,0,1,0,0,0,1,0,0,0,0,0,0,0,0,0,0,0,0,0,0,0,0,0,0,3,9,8,0,462,0,17,4,1,0,P
1,0,1,0,0,0,0,0,0,0,2,0,0,0,0,0,0,0,0,0,0,0,0,0,0,0,3,5,8,0,475,0,6,7,0,0,P
1,1,1,0,0,0,1,0,0,0,0,0,0,0,0,0,0,0,0,0,0,0,0,0,0,0,0,2,5,0,480,0,11,5,1,0,P
1,1,0,0,0,0,0,0,0,0,1,0,0,0,0,0,0,0,0,0,0,0,0,0,0,0,0,2,9,0,475,0,11,6,0,0,P
1,0,0,0,0,1,0,0,0,0,1,0,0,0,0,0,0,0,0,0,0,0,0,0,0,0,0,1,6,0,487,0,3,5,1,0,P
1,0,0,0,0,0,0,0,0,0,0,0,0,0,0,0,0,0,0,0,0,0,0,0,0,0,0,0,0,0,32,0,1,0,0,0,P
3,1,0,0,0,0,0,0,0,0,0,0,0,0,0,0,0,0,0,0,0,0,0,0,0,0,0,3,18,0,468,0,10,5,0,0,P
1,1,0,0,0,1,0,0,0,0,0,0,0,0,0,0,0,0,0,0,0,0,0,0,0,1,0,4,16,0,467,0,9,6,0,0,P
2,0,0,0,0,0,0,0,0,0,1,0,0,0,0,0,0,0,0,0,0,0,0,0,0,1,2,2,8,0,481,0,6,3,0,0,P
1,1,1,0,0,1,0,0,0,0,0,0,0,0,0,0,0,0,0,0,0,0,0,0,0,0,0,3,9,0,481,0,10,1,0,0,P
2,0,0,0,0,0,0,0,0,0,1,0,0,0,0,0,0,0,0,0,0,0,0,0,0,0,0,3,3,0,481,0,10,6,0,0,P
1,1,1,0,0,1,0,0,0,0,0,0,0,0,0,0,0,0,0,0,0,0,0,0,0,0,0,4,17,0,464,0,13,6,0,0,P
1,1,0,0,0,1,0,0,0,0,1,0,0,0,0,0,0,0,0,0,0,0,0,0,0,0,2,6,11,0,469,0,12,4,0,0,P
1,0,0,0,0,0,1,0,0,0,1,0,0,0,0,0,0,0,0,0,0,0,0,0,0,0,1,3,4,0,476,0,9,9,0,1,P
2,0,0,0,0,1,0,0,0,0,0,0,0,0,0,0,0,0,0,0,0,0,0,0,0,0,0,3,5,0,480,0,9,6,0,0,P
1,0,0,0,0,1,0,0,0,0,0,0,0,0,0,0,0,0,0,0,0,0,0,0,0,0,2,1,9,0,472,0,10,8,0,0,P
0,0,0,0,0,0,0,1,0,0,0,0,0,0,0,0,0,0,0,0,0,0,0,0,0,0,0,1,7,0,473,0,17,3,0,0,P
1,0,0,0,0,0,0,0,0,0,0,0,0,0,0,0,0,0,0,0,0,0,0,0,0,0,0,0,0,0,4,0,0,0,0,0,P
1,0,0,0,0,0,0,0,0,0,0,0,0,0,0,0,0,0,0,0,0,0,0,0,0,0,0,0,0,0,4,0,0,0,0,0,P
10,1,0,0,0,5,2,0,0,0,1,1,0,0,0,0,0,0,0,0,0,0,0,0,0,0,0,1,11,0,493,0,12,3,0,0,P
0,0,1,0,0,0,0,0,0,0,0,0,0,0,0,0,0,0,0,0,0,0,0,0,0,0,0,5,8,0,483,0,4,1,0,0,P
0,0,0,0,0,0,1,0,0,0,0,0,0,0,0,0,0,0,0,0,0,0,0,0,0,0,0,1,12,0,480,0,5,3,0,0,P
1,0,0,0,0,0,0,0,0,0,0,0,0,0,0,0,0,0,0,0,0,0,0,0,0,0,1,6,10,0,481,0,0,3,0,0,P
0,1,0,0,0,0,0,0,0,0,0,0,0,0,0,0,0,0,0,0,0,0,0,0,0,0,0,0,6,0,190,0,4,1,0,0,P
0,1,0,0,0,0,0,0,0,0,0,0,0,0,0,0,0,0,0,0,0,0,0,0,0,0,0,0,6,0,190,0,4,1,0,0,P
8,1,0,0,0,6,3,0,0,0,1,1,0,0,0,0,0,0,0,0,0,0,0,0,0,0,0,1,11,0,484,0,15,9,0,0,P
0,0,0,0,0,0,0,0,0,0,0,1,0,0,0,0,0,0,0,0,0,0,0,0,0,0,1,3,12,0,471,0,8,6,0,0,P
0,0,1,0,0,0,0,0,0,0,0,0,0,0,0,0,0,0,0,0,0,0,0,0,0,0,0,8,14,0,468,0,8,3,0,0,P
1,0,0,0,0,0,0,0,0,0,0,0,0,0,0,0,0,0,0,0,0,0,0,0,0,0,1,2,10,0,482,0,4,2,0,0,P
1,0,0,0,0,0,0,0,0,0,0,0,0,0,0,0,0,0,0,0,0,0,0,0,0,0,0,7,13,0,467,0,8,5,1,0,P
0,1,0,0,0,0,0,0,0,0,0,0,0,0,0,0,0,0,0,0,0,0,0,0,0,0,1,4,8,0,480,0,4,3,1,0,P
1,0,0,0,0,0,0,0,0,0,0,0,0,0,0,0,0,0,0,0,0,0,0,0,0,0,0,3,4,0,483,0,5,6,0,0,P
0,0,0,0,0,0,1,0,0,0,0,0,0,0,0,0,0,0,0,0,0,0,0,0,0,0,0,10,13,0,461,0,8,9,0,0,P
0,0,1,0,0,0,0,0,0,0,0,0,0,0,0,0,0,0,0,0,0,0,0,0,0,0,2,10,23,0,426,0,8,9,1,0,P
0,0,1,0,0,0,0,0,0,0,0,0,0,0,0,0,0,0,0,0,0,0,0,0,0,0,2,10,23,0,426,0,8,9,1,0,P
9,1,0,0,0,6,2,0,0,0,1,1,0,0,0,0,0,0,0,0,0,0,0,0,0,0,0,3,11,0,484,0,17,4,1,0,P
1,0,0,0,0,0,0,0,0,0,0,0,0,0,0,0,0,0,0,0,0,0,0,0,0,0,0,5,9,0,482,0,3,0,2,0,P
0,0,1,0,0,0,0,0,0,0,0,0,0,0,0,0,0,0,0,0,0,0,0,0,0,0,2,7,20,0,469,0,3,0,0,0,P
0,0,0,0,0,1,0,0,0,0,0,0,0,0,0,0,0,0,0,0,0,0,0,0,0,0,0,2,17,0,475,0,6,1,0,0,P
0,1,0,0,0,0,0,0,0,0,0,0,0,0,0,0,0,0,0,0,0,0,0,0,0,0,0,4,8,0,474,0,7,7,1,0,P
0,1,0,0,0,0,0,0,0,0,0,0,0,0,0,0,0,0,0,0,0,0,0,0,0,0,2,4,16,0,468,0,11,0,0,0,P
0,0,1,0,0,0,0,0,0,0,0,0,0,0,0,0,0,0,0,0,0,0,0,0,0,0,0,5,12,0,475,0,4,5,0,0,P
1,0,0,0,0,0,0,0,0,0,0,0,0,0,0,0,0,0,0,0,0,0,0,0,0,0,0,0,2,0,467,0,9,9,1,0,P
1,0,0,0,0,0,0,0,0,0,0,0,0,0,0,0,0,0,0,0,0,0,0,0,0,0,0,0,2,0,467,0,9,9,1,0,P
10,1,0,0,0,5,2,0,0,0,1,1,0,0,0,0,0,0,0,0,0,0,0,0,0,0,1,2,14,0,483,0,16,3,1,0,P
0,0,0,0,0,0,0,0,0,0,1,0,0,0,0,0,0,0,0,0,0,0,0,0,0,0,0,9,9,0,472,0,6,5,0,0,P
1,0,0,0,0,0,0,0,0,0,0,0,0,0,0,0,0,0,0,0,0,0,0,0,0,0,0,0,14,0,475,0,7,4,1,0,P
0,0,1,0,0,0,0,0,0,0,0,0,0,0,0,0,0,0,0,0,0,0,0,0,0,0,4,5,15,0,463,0,10,4,0,0,P
1,0,0,0,0,0,0,0,0,0,0,0,0,0,0,0,0,0,0,0,0,0,0,0,0,0,9,5,6,0,471,0,8,1,1,0,P
0,0,0,0,0,0,1,1,0,0,0,0,0,0,0,0,0,0,0,0,0,0,0,0,0,0,1,1,11,0,468,0,14,6,1,0,P
0,0,0,0,0,0,1,0,0,0,0,0,0,0,0,0,0,0,0,0,0,0,0,0,0,0,0,4,15,0,474,0,5,3,0,0,P
0,1,0,0,0,0,0,0,0,0,0,0,0,0,0,0,0,0,0,0,0,0,0,0,0,0,1,9,11,0,469,0,7,3,1,0,P
1,0,0,0,0,0,0,0,0,0,0,0,0,0,0,0,0,0,0,0,0,0,0,0,0,0,0,4,9,0,479,0,6,3,0,0,P
0,0,0,0,0,0,0,0,0,0,1,0,0,0,0,0,0,0,0,0,0,0,0,0,0,0,0,1,3,0,483,0,10,4,0,0,P
1,0,0,0,0,0,0,0,0,0,0,0,0,0,0,0,0,0,0,0,0,0,0,0,0,0,1,3,12,0,473,0,10,2,0,0,P
0,0,0,0,0,1,0,0,0,0,0,0,0,0,0,0,0,0,0,0,0,0,0,0,0,0,0,1,1,0,56,0,1,1,0,0,P
0,0,0,0,0,1,0,0,0,0,0,0,0,0,0,0,0,0,0,0,0,0,0,0,0,0,0,1,1,0,56,0,1,1,0,0,P
10,1,0,0,0,5,2,0,0,0,1,1,0,0,0,0,0,0,0,0,0,0,0,0,0,0,0,2,9,0,491,0,16,2,0,0,P
1,0,0,0,0,0,0,0,0,0,0,0,0,0,0,0,0,0,0,0,0,0,0,0,0,0,0,6,7,0,479,0,8,1,0,0,P
0,0,1,0,0,0,0,0,0,0,0,0,0,0,0,0,0,0,0,0,0,0,0,0,0,0,0,2,2,0,490,0,7,0,0,0,P
1,0,0,0,0,0,0,0,0,0,0,0,0,0,0,0,0,0,0,0,0,0,0,0,0,0,0,4,10,0,475,0,10,2,0,0,P
1,0,0,0,0,0,0,0,0,0,0,0,0,0,0,0,0,0,0,0,0,0,0,0,0,0,0,4,13,0,470,0,9,5,0,0,P
0,0,0,0,0,1,0,0,0,0,0,0,0,0,0,0,0,0,0,0,0,0,0,0,0,0,0,0,7,0,486,0,7,0,1,0,P
0,0,0,0,0,1,0,0,0,0,0,0,0,0,0,0,0,0,0,0,0,0,0,0,0,1,1,4,13,0,473,0,6,2,1,0,P
1,0,0,0,0,0,0,0,0,0,0,0,0,0,0,0,0,0,0,0,0,0,0,0,0,0,0,3,8,0,230,0,3,2,0,0,P
1,0,0,0,0,0,0,0,0,0,0,0,0,0,0,0,0,0,0,0,0,0,0,0,0,0,0,3,8,0,230,0,3,2,0,0,P
8,1,0,0,0,4,0,0,0,0,0,1,0,0,0,0,0,0,0,0,0,0,0,0,0,0,0,0,3,0,164,0,6,2,0,0,P
8,1,0,0,0,4,0,0,0,0,0,1,0,0,0,0,0,0,0,0,0,0,0,0,0,0,0,0,3,0,164,0,6,2,0,0,P
9,1,0,0,0,5,2,0,0,0,2,1,0,0,0,0,0,0,0,0,0,0,0,0,0,0,2,6,13,0,475,0,17,6,1,0,P
0,0,0,1,0,0,0,0,0,0,0,0,0,0,0,0,0,0,0,0,0,0,0,0,0,0,1,7,8,0,469,0,12,4,0,0,P
1,0,0,0,0,0,0,0,0,0,0,0,0,0,0,0,0,0,0,0,0,0,0,0,0,0,6,4,17,0,459,0,9,6,0,0,P
0,0,0,0,0,0,0,0,1,0,0,0,0,0,0,0,0,0,0,0,0,0,0,0,0,0,3,4,14,0,467,0,10,3,0,0,P
1,0,0,0,0,0,0,0,0,0,0,0,0,0,0,0,0,0,0,0,0,0,0,0,0,1,0,11,14,0,460,0,11,4,0,0,P
0,0,1,0,0,0,0,0,0,0,0,0,0,0,0,0,0,0,0,0,0,0,0,0,0,0,0,8,11,0,470,0,9,3,0,0,P
0,1,0,0,0,0,0,0,0,0,0,0,0,0,0,0,0,0,0,0,0,0,0,0,0,0,0,2,6,0,167,0,1,2,0,0,P
0,1,0,0,0,0,0,0,0,0,0,0,0,0,0,0,0,0,0,0,0,0,0,0,0,0,0,2,6,0,167,0,1,2,0,0,P
9,1,0,0,0,4,3,0,0,0,2,1,0,0,0,0,0,0,0,0,0,0,0,0,0,0,2,1,19,0,474,0,19,5,0,0,P
0,0,0,0,0,0,0,0,0,0,0,1,0,0,0,0,0,0,0,0,0,0,0,0,0,0,2,2,12,0,473,0,8,4,0,0,P
0,0,0,0,0,0,0,0,0,0,0,1,0,0,0,0,0,0,0,0,0,0,0,0,0,0,2,2,8,0,475,0,7,5,2,0,P
0,1,0,0,0,0,0,0,0,0,0,0,0,0,0,0,0,0,0,0,0,0,0,0,0,0,0,2,14,0,471,0,9,4,1,0,P
0,0,1,0,0,0,0,0,0,0,0,0,0,0,0,0,0,0,0,0,0,0,0,0,0,0,3,6,12,0,460,0,9,4,0,0,P
0,0,1,0,0,0,0,0,0,0,0,0,0,0,0,0,0,0,0,0,0,0,0,0,0,0,3,6,12,0,460,0,9,4,0,0,P
10,1,0,0,0,5,2,0,0,0,1,1,0,0,0,0,0,0,0,0,0,0,0,0,0,0,0,1,6,0,491,0,18,4,0,0,P
0,0,1,0,0,0,0,0,0,0,0,0,0,0,0,0,0,0,0,0,0,0,0,0,0,0,0,6,21,0,461,0,10,3,0,0,P
1,0,0,0,0,0,0,0,0,0,0,0,0,0,0,0,0,0,0,0,0,0,0,0,0,0,0,2,14,0,478,0,6,1,0,0,P
1,0,0,0,0,0,0,0,0,0,0,0,0,0,0,0,0,0,0,0,0,0,0,0,0,0,0,0,6,0,487,0,7,1,0,0,P
1,0,0,0,0,0,0,0,0,0,0,0,0,0,0,0,0,0,0,0,0,0,0,0,0,0,0,1,7,0,483,0,2,8,0,0,P
1,0,0,0,0,0,0,0,0,0,0,0,0,0,0,0,0,0,0,0,0,0,0,0,0,0,0,1,10,0,482,0,7,1,0,0,P
1,0,0,0,0,0,0,0,0,0,0,0,0,0,0,0,0,0,0,0,0,0,0,0,0,0,0,0,9,0,486,0,3,3,0,0,P
1,0,0,0,0,0,0,0,0,0,0,0,0,0,0,0,0,0,0,0,0,0,0,0,0,0,0,0,7,0,171,0,1,0,0,0,P
1,0,0,0,0,0,0,0,0,0,0,0,0,0,0,0,0,0,0,0,0,0,0,0,0,0,0,0,7,0,171,0,1,0,0,0,P
8,1,0,0,0,6,2,0,0,0,2,1,0,0,0,0,0,0,0,0,0,0,0,0,0,0,1,3,7,0,488,0,18,3,0,0,P
0,0,0,0,0,1,0,0,0,0,0,0,0,0,0,0,0,0,0,0,0,0,0,0,0,0,0,3,14,0,470,0,12,2,0,0,P
1,0,0,0,0,0,0,0,0,0,0,0,0,0,0,0,0,0,0,0,0,0,0,0,0,0,1,2,13,0,467,0,15,3,0,0,P
0,1,0,0,0,0,0,0,0,0,0,0,0,0,0,0,0,0,0,0,0,0,0,0,0,0,0,2,12,0,473,0,11,3,0,0,P
1,0,0,0,0,0,0,0,0,0,0,0,0,0,0,0,0,0,0,0,0,0,0,0,0,0,1,3,5,0,477,0,13,2,0,0,P
1,0,0,0,0,0,0,0,0,0,0,0,0,0,0,0,0,0,0,0,0,0,0,0,0,0,1,0,2,0,430,0,8,3,0,0,P
1,0,0,0,0,0,0,0,0,0,0,0,0,0,0,0,0,0,0,0,0,0,0,0,0,0,1,0,2,0,430,0,8,3,0,0,P
10,1,0,0,0,5,2,0,0,0,1,1,0,0,0,0,0,0,0,0,0,0,0,0,0,0,2,4,10,0,485,0,16,3,0,0,P
0,1,0,0,0,0,0,0,0,0,0,0,0,0,0,0,0,0,0,0,0,0,0,0,0,0,0,4,13,0,463,0,10,11,0,0,P
1,0,0,0,0,0,0,0,0,0,0,0,0,0,0,0,0,0,0,0,0,0,0,0,0,0,1,5,20,0,464,0,8,3,0,0,P
0,1,0,0,0,0,0,0,0,0,0,0,0,0,0,0,0,0,0,0,0,0,0,0,0,0,0,5,17,0,463,0,12,4,0,0,P
0,1,0,0,0,0,0,0,0,0,0,0,0,0,0,0,0,0,0,0,0,0,0,0,0,0,0,1,8,0,254,0,5,3,0,0,P
0,1,0,0,0,0,0,0,0,0,0,0,0,0,0,0,0,0,0,0,0,0,0,0,0,0,0,1,8,0,254,0,5,3,0,0,P
8,1,0,0,0,7,2,0,0,0,1,1,0,0,0,0,0,0,0,0,0,0,0,0,0,0,1,1,8,0,488,0,18,4,0,0,P
1,0,0,0,0,0,0,0,0,0,0,0,0,0,0,0,0,0,0,0,0,0,0,0,0,0,0,0,0,0,70,0,3,1,0,0,P
0,0,0,0,0,1,0,0,0,0,0,0,0,0,0,0,0,0,0,0,0,0,0,0,0,0,5,2,10,0,473,0,9,2,0,0,P
0,0,0,1,0,0,0,0,0,0,0,0,0,0,0,0,0,0,0,0,0,0,0,0,0,0,6,4,16,0,467,0,3,5,0,0,P
1,0,0,0,0,0,0,0,0,0,0,0,0,0,0,0,0,0,0,0,0,0,0,0,0,0,2,5,19,0,463,0,6,6,0,0,P
1,0,0,0,0,0,0,0,0,0,0,0,0,0,0,0,0,0,0,0,0,0,0,0,0,0,7,6,14,0,469,0,4,1,0,0,P
0,0,0,0,0,0,0,0,0,0,0,0,1,0,0,0,0,0,0,0,0,0,0,0,0,0,4,10,14,0,454,0,12,7,0,0,P
0,0,0,0,0,0,0,1,0,0,0,0,0,0,0,0,0,0,0,0,0,0,0,0,0,0,7,6,20,0,457,0,7,4,0,0,P
1,0,0,0,0,0,0,0,0,0,0,0,0,0,0,0,0,0,0,0,0,0,0,0,0,0,1,6,11,0,418,0,3,3,1,0,P
1,0,0,0,0,0,0,0,0,0,0,0,0,0,0,0,0,0,0,0,0,0,0,0,0,0,1,6,11,0,418,0,3,3,1,0,P
10,1,0,0,0,4,2,0,0,0,2,1,0,0,0,0,0,0,0,0,0,0,0,0,0,0,0,0,9,0,493,0,10,8,0,0,P
1,0,0,0,0,0,0,0,0,0,0,0,0,0,0,0,0,0,0,0,0,0,0,0,0,0,0,5,9,0,476,0,6,5,0,0,P
1,0,0,0,0,0,0,0,0,0,0,0,0,0,0,0,0,0,0,0,0,0,0,0,0,0,0,0,0,0,70,0,3,1,0,0,P
0,1,0,0,0,0,0,0,0,0,0,0,0,0,0,0,0,0,0,0,0,0,0,0,0,0,0,4,7,0,481,0,3,6,0,0,P
1,0,0,0,0,0,0,0,0,0,0,0,0,0,0,0,0,0,0,0,0,0,0,0,0,0,0,2,11,0,477,0,6,5,0,0,P
0,0,1,0,0,0,0,0,0,0,0,0,0,0,0,0,0,0,0,0,0,0,0,0,0,0,0,3,7,0,477,0,12,2,0,0,P
1,0,0,0,0,0,0,0,0,0,0,0,0,0,0,0,0,0,0,0,0,0,0,0,0,0,0,0,6,0,485,0,5,2,3,0,P
1,0,0,0,0,0,0,0,0,0,0,0,0,0,0,0,0,0,0,0,0,0,0,0,0,0,3,4,10,0,474,0,7,2,1,0,P
0,1,0,0,0,0,0,0,0,0,0,0,0,0,0,0,0,0,0,0,0,0,0,0,0,0,2,2,7,0,474,0,6,10,0,0,P
0,1,0,0,0,0,0,0,0,0,0,0,0,0,0,0,0,0,0,0,0,0,0,0,0,0,0,0,6,0,314,0,2,8,0,0,P
0,1,0,0,0,0,0,0,0,0,0,0,0,0,0,0,0,0,0,0,0,0,0,0,0,0,0,0,6,0,314,0,2,8,0,0,P
10,2,0,0,0,4,2,0,0,0,1,1,0,0,0,0,0,0,0,0,0,0,0,0,0,0,0,0,10,0,493,0,14,3,0,0,P
0,1,0,0,0,0,0,0,0,0,0,0,0,0,0,0,0,0,0,0,0,0,0,0,0,0,0,1,8,0,472,0,16,4,0,0,P
0,0,0,0,0,1,0,0,0,0,0,0,0,0,0,0,0,0,0,0,0,0,0,0,0,0,0,1,8,0,472,0,16,3,1,0,P
1,0,0,0,0,0,0,0,0,0,0,0,0,0,0,0,0,0,0,0,0,0,0,0,0,0,0,1,8,0,481,0,8,3,0,0,P
0,0,0,0,0,0,0,0,0,0,0,1,0,0,0,0,0,0,0,0,0,0,0,0,0,0,2,1,10,0,480,0,4,4,0,0,P
0,0,0,0,0,0,1,0,0,0,0,0,0,0,0,0,0,0,0,0,0,0,0,0,0,0,0,0,1,0,82,0,2,0,0,0,P
0,0,0,0,0,0,1,0,0,0,0,0,0,0,0,0,0,0,0,0,0,0,0,0,0,0,0,0,1,0,82,0,2,0,0,0,P
9,1,0,0,0,6,2,0,0,0,1,1,0,0,0,0,0,0,0,0,0,0,0,0,0,0,1,5,17,0,477,0,17,3,0,0,P
0,0,0,0,0,0,0,1,0,0,0,0,0,0,0,0,0,0,0,0,0,0,0,0,0,0,2,9,23,0,457,0,7,3,0,0,P
0,0,0,0,0,0,1,0,0,0,0,0,0,0,0,0,0,0,0,0,0,0,0,0,0,0,1,15,25,0,453,0,5,1,1,0,P
0,0,0,0,0,1,0,0,0,0,0,0,0,0,0,0,0,0,0,0,0,0,0,0,0,0,0,3,13,0,475,0,6,3,1,0,P
1,0,0,0,0,0,0,0,0,0,0,0,0,0,0,0,0,0,0,0,0,0,0,0,0,0,0,2,16,0,469,0,13,1,0,0,P
0,0,0,0,0,1,0,0,0,0,0,0,0,0,0,0,0,0,0,0,0,0,0,0,0,0,0,4,1,0,103,0,1,0,1,0,P
1,0,0,0,0,0,0,0,0,0,0,0,0,0,0,0,0,0,0,0,0,0,0,0,0,0,0,3,10,0,480,0,5,3,0,0,P
0,0,0,0,0,1,0,0,0,0,0,0,0,0,0,0,0,0,0,0,0,0,0,0,0,0,0,4,1,0,103,0,1,0,1,0,P
9,1,0,0,0,5,3,0,0,0,1,1,0,0,0,0,0,0,0,0,0,0,0,0,0,1,1,5,17,0,470,0,15,11,0,0,P
0,1,0,0,0,0,0,0,0,0,0,0,0,0,0,0,0,0,0,0,0,0,0,0,0,0,4,9,9,0,462,0,13,3,1,0,P
0,0,0,1,0,0,0,0,0,0,0,0,0,0,0,0,0,0,0,0,0,0,0,0,0,0,2,2,13,0,473,0,6,5,0,0,P
0,0,0,0,0,1,0,0,0,0,0,0,0,0,0,0,0,0,0,0,0,0,0,0,0,0,1,2,9,0,473,0,14,2,0,0,P
0,0,1,0,0,0,0,0,0,0,0,0,0,0,0,0,0,0,0,0,0,0,0,0,0,0,1,11,9,0,467,0,10,3,0,0,P
0,1,0,0,0,0,0,0,0,0,0,0,0,0,0,0,0,0,0,0,0,0,0,0,0,0,0,2,2,0,95,0,0,1,0,0,P
0,1,0,0,0,0,0,0,0,0,0,0,0,0,0,0,0,0,0,0,0,0,0,0,0,0,0,2,2,0,95,0,0,1,0,0,P
1,0,0,0,0,0,0,0,0,0,0,0,0,0,0,0,0,0,0,0,0,0,0,0,0,0,0,1,5,0,478,0,11,6,0,0,P
1,0,0,0,0,0,0,0,0,0,0,0,0,0,0,0,0,0,0,0,0,0,0,0,0,0,2,2,14,0,470,0,9,4,0,0,P
1,0,0,0,0,0,0,0,0,0,0,0,0,0,0,0,0,0,0,0,0,0,0,0,0,0,0,9,10,0,474,0,3,5,0,0,P
1,0,0,0,0,0,0,0,0,0,0,0,0,0,0,0,0,0,0,0,0,0,0,0,0,0,0,1,7,0,484,0,6,3,0,0,P
1,0,0,0,0,0,0,0,0,0,0,0,0,0,0,0,0,0,0,0,0,0,0,0,0,0,1,3,12,0,470,0,9,6,0,0,P
1,0,0,0,0,0,0,0,0,0,0,0,0,0,0,0,0,0,0,0,0,0,0,0,0,0,0,4,10,0,477,0,7,2,1,0,P
1,0,0,0,0,0,0,0,0,0,0,0,0,0,0,0,0,0,0,0,0,0,0,0,0,0,1,1,4,0,248,0,6,2,0,0,P
1,0,0,0,0,0,0,0,0,0,0,0,0,0,0,0,0,0,0,0,0,0,0,0,0,0,1,1,4,0,248,0,6,2,0,0,P
8,1,0,0,0,6,2,0,0,0,2,1,0,0,0,0,0,0,0,0,0,0,0,0,0,0,5,2,8,0,479,0,18,8,0,0,P
1,0,0,0,0,0,0,0,0,0,0,0,0,0,0,0,0,0,0,0,0,0,0,0,0,0,2,4,7,0,474,0,12,2,0,0,P
0,0,0,0,0,0,0,0,0,0,1,0,0,0,0,0,0,0,0,0,0,0,0,0,0,0,13,3,6,0,467,0,6,6,0,0,P
0,0,1,0,0,0,0,0,0,0,0,0,0,0,0,0,0,0,0,0,0,0,0,0,0,0,4,8,13,0,464,0,6,5,1,0,P
0,0,0,0,0,0,0,0,0,0,1,0,0,0,0,0,0,0,0,0,0,0,0,0,0,0,6,3,10,0,467,0,9,6,0,0,P
1,1,0,1,0,0,0,0,0,0,0,1,0,0,0,0,0,0,0,0,0,0,0,0,0,0,2,3,10,0,472,0,14,3,0,0,P
1,0,0,0,0,0,0,0,0,0,0,0,0,0,0,0,0,0,0,0,0,0,0,0,0,0,0,3,15,0,466,0,11,4,2,0,P
0,0,0,0,0,0,0,0,0,0,0,0,0,0,0,1,0,0,0,0,0,0,0,0,0,0,5,11,10,0,459,0,11,4,1,0,P
1,0,0,0,0,0,0,0,0,0,0,0,0,0,0,0,0,0,0,0,0,0,0,0,0,0,1,8,10,0,454,0,6,6,1,0,P
1,0,0,0,0,0,0,0,0,0,0,0,0,0,0,0,0,0,0,0,0,0,0,0,0,0,1,8,10,0,454,0,6,6,1,0,P
76,10,1,0,0,6,1,0,0,0,7,0,0,0,0,1,0,0,0,0,0,0,0,0,0,0,0,2,14,0,560,0,13,11,2,0,P
0,2,0,0,0,0,0,0,0,0,0,0,0,0,0,0,0,0,0,0,0,0,0,0,0,0,1,3,8,0,468,0,22,0,0,0,P
2,0,0,0,0,1,0,0,0,0,0,1,0,0,0,0,0,0,0,0,0,0,0,0,0,1,2,8,11,0,472,0,7,3,0,0,P
2,1,0,0,0,1,0,0,0,0,0,0,0,0,0,0,0,0,0,0,0,0,0,0,0,0,1,2,11,0,475,0,10,5,0,0,P
1,0,1,0,0,0,0,0,0,0,0,0,2,0,0,0,0,0,0,0,0,0,0,0,0,0,1,5,23,0,457,0,10,7,1,0,P
3,0,0,0,0,0,0,0,0,0,0,0,0,0,0,0,0,0,0,0,0,0,0,0,0,0,0,4,9,0,478,0,9,3,0,0,P
2,0,0,0,0,1,0,0,0,0,0,0,0,1,0,0,0,0,0,0,0,0,0,0,0,0,2,3,9,0,466,0,18,6,0,0,P
0,1,0,0,0,0,0,0,0,0,0,0,0,0,0,0,0,0,0,0,0,0,0,0,0,0,4,6,12,0,468,0,11,0,0,0,P
1,0,0,0,0,1,1,0,0,0,0,0,0,0,0,0,0,0,0,0,0,0,0,0,0,0,0,2,10,0,475,0,15,1,0,0,P
2,0,0,0,0,0,0,0,0,0,1,0,0,0,0,0,0,0,0,0,0,0,0,0,0,0,1,3,12,0,471,0,11,3,2,0,P
2,0,0,0,0,1,1,0,0,0,0,0,0,0,0,0,0,0,0,0,0,0,0,0,0,0,1,1,10,0,483,0,6,2,1,0,P
1,0,0,0,0,1,1,0,0,0,1,0,0,0,0,0,0,0,0,0,0,0,0,0,0,0,0,4,8,0,475,0,11,6,0,0,P
1,1,0,0,0,0,0,0,0,0,1,0,1,0,0,0,0,0,0,0,0,0,0,0,0,0,4,3,23,0,456,0,15,3,0,0,P
1,1,1,0,0,0,0,0,0,0,0,0,0,0,0,0,0,0,0,0,0,0,0,0,0,0,1,6,11,0,470,0,14,1,0,0,P
2,1,0,0,0,0,0,0,0,0,1,0,0,0,0,0,0,0,0,0,0,0,0,0,0,0,0,3,12,0,474,0,9,4,2,0,P
3,0,0,0,0,0,0,0,0,0,1,0,0,0,0,0,0,0,0,0,0,0,0,0,0,0,0,3,6,0,483,0,7,5,0,0,P
2,0,0,0,0,0,0,0,0,0,1,0,0,0,0,0,0,0,0,0,0,0,0,0,0,0,0,1,5,0,486,0,8,3,0,0,P
3,0,0,0,0,1,0,0,0,0,0,0,0,0,0,0,0,0,0,0,0,0,0,0,0,0,7,1,8,0,475,0,10,3,0,0,P
0,0,0,0,0,1,0,0,0,0,0,0,0,0,0,0,0,0,0,0,0,0,0,0,0,0,0,3,14,0,476,0,5,3,0,0,P
3,0,0,0,0,0,0,0,0,0,0,1,0,0,0,0,0,0,0,0,0,0,0,0,0,0,0,3,9,0,484,0,5,3,0,0,P
4,0,0,0,0,0,0,0,0,0,0,0,0,0,0,0,0,0,0,0,0,0,0,0,0,0,0,4,8,0,482,0,8,2,0,0,P
3,0,0,0,0,0,0,0,0,0,0,0,0,0,0,0,0,0,0,0,0,0,0,0,0,0,2,1,8,0,478,0,11,3,0,0,P
1,0,0,0,0,1,1,0,0,0,0,0,0,0,0,1,0,0,0,0,0,0,0,0,0,0,1,4,12,0,474,0,10,2,1,0,P
2,0,0,0,0,0,0,1,0,0,0,0,0,0,0,0,0,0,0,0,0,0,0,0,0,0,1,2,9,0,472,0,13,5,1,0,P
2,0,0,0,0,1,0,0,0,0,0,0,0,0,0,0,0,0,0,0,0,0,0,0,0,0,4,2,11,0,476,0,8,2,0,0,P
1,0,0,0,0,1,0,0,0,0,1,0,0,0,0,0,0,0,0,0,0,0,0,0,0,0,1,4,13,0,471,0,9,4,1,0,P
1,1,0,0,0,0,1,0,0,0,0,0,0,0,0,0,0,0,0,0,0,0,0,0,0,0,0,2,7,0,485,0,8,1,0,0,P
1,2,0,0,0,0,0,0,0,0,0,0,0,0,0,0,0,0,0,0,0,0,0,0,0,0,0,3,11,0,466,0,14,8,1,0,P
2,0,0,1,0,0,0,1,0,0,0,0,0,0,0,0,0,0,0,0,0,0,0,0,0,0,3,9,8,0,462,0,17,4,1,0,P
0,0,0,0,0,0,0,0,0,0,0,0,0,0,0,1,0,0,0,0,0,0,0,0,0,0,2,0,8,0,473,0,12,3,1,0,P
1,0,1,0,0,0,0,0,0,0,2,0,0,0,0,0,0,0,0,0,0,0,0,0,0,0,3,5,8,0,475,0,6,7,0,0,P
1,1,1,0,0,0,1,0,0,0,0,0,0,0,0,0,0,0,0,0,0,0,0,0,0,0,0,2,5,0,480,0,11,5,1,0,P
1,1,0,0,0,0,0,0,0,0,1,0,0,0,0,0,0,0,0,0,0,0,0,0,0,0,0,2,9,0,475,0,11,6,0,0,P
1,0,0,0,0,1,0,0,0,0,1,0,0,0,0,0,0,0,0,0,0,0,0,0,0,0,0,1,6,0,487,0,3,5,1,0,P
3,1,0,0,0,0,0,0,0,0,0,0,0,0,0,0,0,0,0,0,0,0,0,0,0,0,0,3,18,0,468,0,10,5,0,0,P
1,1,0,0,0,1,0,0,0,0,0,0,0,0,0,0,0,0,0,0,0,0,0,0,0,1,0,4,16,0,467,0,9,6,0,0,P
2,0,0,0,0,0,0,0,0,0,1,0,0,0,0,0,0,0,0,0,0,0,0,0,0,1,2,2,8,0,481,0,6,3,0,0,P
1,1,1,0,0,1,0,0,0,0,0,0,0,0,0,0,0,0,0,0,0,0,0,0,0,0,0,3,9,0,481,0,10,1,0,0,P
2,0,0,0,0,0,0,0,0,0,1,0,0,0,0,0,0,0,0,0,0,0,0,0,0,0,0,3,3,0,481,0,10,6,0,0,P
1,1,1,0,0,1,0,0,0,0,0,0,0,0,0,0,0,0,0,0,0,0,0,0,0,0,0,4,17,0,464,0,13,6,0,0,P
0,0,0,0,0,0,0,0,0,0,0,0,0,0,0,1,0,0,0,0,0,0,0,0,0,0,2,0,8,0,473,0,12,3,1,0,P
1,1,0,0,0,1,0,0,0,0,1,0,0,0,0,0,0,0,0,0,0,0,0,0,0,0,2,6,11,0,469,0,12,4,0,0,P
1,0,0,0,0,0,1,0,0,0,1,0,0,0,0,0,0,0,0,0,0,0,0,0,0,0,1,3,4,0,476,0,9,9,0,1,P
2,0,0,0,0,1,0,0,0,0,0,0,0,0,0,0,0,0,0,0,0,0,0,0,0,0,0,3,5,0,480,0,9,6,0,0,P
1,0,0,0,0,1,0,0,0,0,0,0,0,0,0,0,0,0,0,0,0,0,0,0,0,0,2,1,9,0,472,0,10,8,0,0,P
1,0,0,0,0,0,0,0,0,0,0,0,0,0,0,0,0,0,0,0,0,0,0,0,0,0,0,0,0,0,4,0,0,0,0,0,P
1,0,0,0,0,0,0,0,0,0,0,0,0,0,0,0,0,0,0,0,0,0,0,0,0,0,0,0,0,0,4,0,0,0,0,0,P
11,1,0,0,0,3,0,0,0,0,1,0,0,0,0,0,0,0,0,0,0,0,0,0,0,0,1,1,6,0,491,0,10,7,0,0,P
2,0,0,0,0,0,0,1,0,0,0,1,0,0,0,0,0,0,0,0,0,0,0,0,0,0,0,2,9,0,473,0,12,8,0,0,P
3,0,0,0,0,2,0,0,0,0,0,0,0,0,0,0,0,0,0,0,0,0,0,0,0,0,1,0,5,0,487,0,11,1,0,0,P
3,0,0,0,0,0,2,0,0,0,0,0,0,0,0,0,0,0,0,0,0,0,0,0,0,0,0,0,12,0,476,0,12,5,0,0,P
0,0,0,0,0,0,0,0,0,0,0,1,0,0,0,0,0,0,0,0,0,0,0,0,0,0,0,1,14,0,464,0,19,3,0,0,P
1,1,0,0,0,1,0,0,0,0,0,0,0,0,0,0,0,0,0,0,0,0,0,0,0,0,0,3,13,0,478,0,7,2,0,0,P
1,0,0,0,0,1,0,0,0,0,0,1,0,0,0,0,0,0,0,0,0,0,0,0,0,0,0,1,7,0,229,0,8,5,0,0,P
1,0,0,0,0,1,0,0,0,0,0,1,0,0,0,0,0,0,0,0,0,0,0,0,0,0,0,1,7,0,229,0,8,5,0,0,P
8,2,0,0,0,6,0,0,0,0,1,0,0,0,0,0,0,0,0,0,0,0,0,0,0,0,0,0,9,0,488,0,16,2,2,0,P
4,0,0,0,0,0,0,0,0,0,3,0,0,0,0,0,0,0,0,0,0,0,0,0,0,0,0,1,6,0,479,0,13,8,0,0,P
6,0,1,0,0,2,0,0,0,0,0,0,0,0,0,0,0,0,0,0,0,0,0,0,0,0,0,2,6,0,487,0,12,2,0,0,P
10,2,0,0,0,2,0,1,0,0,2,0,0,0,0,0,0,0,0,0,0,0,0,0,0,0,0,2,10,0,494,0,9,2,1,0,P
1,0,0,0,0,1,0,0,0,0,1,1,0,0,0,0,0,0,0,0,0,0,0,0,0,0,0,0,13,0,473,0,10,7,1,0,P
3,0,0,0,0,0,1,0,0,0,0,0,0,0,0,0,0,0,1,0,0,0,0,0,0,0,3,1,13,0,472,0,7,8,1,0,P
2,1,0,0,0,0,0,1,0,0,0,0,0,0,0,0,0,1,0,0,0,0,0,0,0,0,1,5,21,0,458,0,11,5,4,0,P
0,0,0,0,0,1,0,0,0,0,0,0,0,0,0,0,0,0,0,0,0,0,0,0,0,0,0,6,11,0,474,0,9,1,0,0,P
0,1,0,0,0,2,0,0,0,0,2,0,0,0,0,0,0,0,0,0,0,0,0,0,0,0,0,1,11,0,476,0,13,4,0,0,P
2,0,0,0,0,0,2,0,0,0,0,0,0,0,0,0,0,0,0,0,0,0,0,0,0,0,2,0,14,0,476,0,8,4,0,0,P
3,1,0,0,0,0,0,0,0,0,0,0,0,0,0,0,0,0,0,0,0,0,0,0,0,0,0,5,11,0,470,0,12,6,0,0,P
3,0,0,0,0,0,1,0,0,0,0,0,0,0,0,0,0,0,0,0,0,0,0,0,0,0,0,2,4,0,483,0,13,2,0,0,P
2,0,0,0,0,1,0,0,0,0,0,0,0,0,0,0,0,0,0,0,0,0,0,0,0,0,0,0,0,0,79,0,3,0,0,0,P
2,0,0,0,0,1,0,0,0,0,0,0,0,0,0,0,0,0,0,0,0,0,0,0,0,0,0,0,0,0,79,0,3,0,0,0,P
10,1,0,0,0,4,0,0,0,0,2,0,0,0,0,0,0,0,0,0,0,0,0,0,0,0,0,1,2,0,500,0,10,4,0,0,P
2,2,0,0,0,0,1,0,0,0,0,0,0,0,0,0,0,0,0,0,0,0,0,0,0,0,3,2,13,0,476,0,10,1,0,0,P
2,1,0,0,0,2,1,0,0,0,0,0,0,0,0,1,0,0,0,0,0,0,0,0,0,0,0,4,10,0,484,0,6,2,1,0,P
4,0,0,1,0,2,0,0,0,0,0,0,0,0,0,0,0,0,0,0,0,0,0,0,0,0,1,1,3,0,490,0,9,3,0,0,P
0,0,0,0,0,0,0,1,0,0,0,0,0,0,0,0,0,0,0,0,0,0,0,0,0,0,0,5,18,0,460,0,14,4,0,0,P
4,0,0,0,0,0,1,0,0,0,0,0,0,0,0,0,0,0,0,0,0,0,0,0,0,0,0,0,9,0,483,0,10,3,0,0,P
1,0,0,0,0,0,1,0,0,0,1,0,0,0,0,0,0,0,0,0,0,0,0,0,0,0,0,1,8,0,474,0,11,9,0,0,P
1,0,0,0,0,0,0,0,0,0,0,0,0,0,0,0,0,0,0,0,0,0,0,0,0,0,0,0,5,0,486,0,5,5,0,0,P
1,0,0,0,0,0,0,0,0,0,0,0,0,0,0,0,0,0,0,0,0,0,0,0,0,0,2,3,7,0,476,0,5,8,0,0,P
0,0,0,0,0,0,1,0,0,0,0,0,0,0,0,0,0,0,0,0,0,0,0,0,0,0,0,1,6,0,481,0,10,3,0,0,P
1,0,0,0,0,0,0,0,0,0,1,0,0,0,0,0,0,0,0,0,0,0,0,0,0,0,0,2,3,0,244,0,7,4,0,0,P
1,0,0,0,0,0,0,0,0,0,1,0,0,0,0,0,0,0,0,0,0,0,0,0,0,0,0,2,3,0,244,0,7,4,0,0,P
5,2,0,0,0,5,1,0,0,0,1,1,0,0,0,0,0,0,0,0,0,0,0,0,0,0,0,1,6,0,491,0,13,4,0,0,P
1,1,0,0,0,0,0,0,0,0,2,2,0,0,0,0,0,0,0,0,0,0,0,0,0,0,0,0,7,0,478,0,8,13,0,0,P
12,1,0,0,0,3,1,0,0,0,1,1,0,0,0,0,0,0,0,0,0,0,0,0,0,0,0,0,8,0,492,0,16,3,1,0,P
1,0,0,0,0,0,0,0,0,0,0,0,0,0,0,0,0,0,0,0,0,0,0,0,0,0,0,2,11,0,479,0,8,1,0,0,P
4,0,0,0,0,1,0,0,0,0,0,0,0,0,0,0,0,0,0,0,0,0,0,0,0,0,1,1,9,0,479,0,13,1,1,0,P
2,1,1,1,0,0,0,0,0,0,0,0,0,0,0,0,0,0,0,0,0,0,0,0,0,0,2,2,12,0,476,0,12,1,0,0,P
3,0,0,0,0,0,0,0,0,0,0,1,0,0,0,0,0,0,0,0,0,0,0,0,0,0,0,0,5,0,343,0,9,3,1,0,P
3,0,0,0,0,0,0,0,0,0,0,1,0,0,0,0,0,0,0,0,0,0,0,0,0,0,0,0,5,0,343,0,9,3,1,0,P
9,1,0,0,0,3,2,0,0,0,0,0,0,0,0,0,0,0,0,0,0,0,0,0,0,0,1,1,10,0,488,0,13,2,0,0,P
1,0,1,0,0,3,0,0,0,0,0,0,0,0,0,0,0,0,0,0,0,0,0,0,0,0,1,3,7,0,473,0,19,2,0,0,P
2,0,0,0,0,0,0,0,0,0,0,3,0,0,0,0,0,0,0,0,0,0,0,0,0,0,0,3,12,0,468,0,16,6,0,0,P
10,1,0,0,0,3,1,0,0,0,1,1,0,0,0,0,0,0,0,0,0,0,0,0,0,0,0,1,8,0,489,0,17,3,0,0,P
3,0,0,0,0,0,0,0,0,0,0,1,0,0,0,0,0,0,0,0,0,0,0,0,0,0,1,3,15,0,471,0,10,4,0,0,P
3,0,0,0,0,0,0,0,0,0,0,0,0,0,0,0,0,0,0,0,0,0,0,0,0,0,0,2,11,0,480,0,7,3,0,0,P
1,0,0,0,0,0,0,0,0,0,0,0,0,0,0,0,0,0,0,0,0,0,0,0,0,0,0,3,10,0,474,0,8,6,0,0,P
3,1,0,0,0,0,0,1,0,0,0,0,0,0,0,0,0,0,0,0,0,0,0,0,0,0,0,5,10,0,469,0,11,10,0,0,P
2,0,1,0,0,0,0,0,0,0,0,0,0,0,0,0,0,0,0,0,0,0,0,0,0,0,0,6,17,0,465,0,12,2,1,0,P
4,0,0,0,0,1,0,0,0,0,0,0,0,0,0,0,0,0,0,0,0,0,0,0,0,0,0,3,8,0,466,0,19,9,0,0,P
2,1,0,0,0,0,0,0,0,0,1,1,0,0,0,0,0,0,0,0,0,0,0,0,0,0,0,0,9,0,484,0,7,5,0,0,P
1,0,0,0,0,2,0,0,0,0,0,0,0,0,0,0,0,0,0,0,0,0,0,0,0,0,0,3,7,0,480,0,9,4,0,0,P
3,0,0,0,0,0,1,0,0,0,0,1,0,0,0,0,0,0,0,0,0,0,0,0,0,0,0,1,6,0,485,0,8,4,1,0,P
1,0,0,0,0,0,0,0,0,0,0,0,0,0,0,0,0,0,0,0,0,0,0,0,0,0,0,3,11,0,476,0,7,3,1,0,P
0,1,0,0,0,1,0,0,0,0,0,0,0,0,0,0,0,0,0,0,0,0,0,0,0,0,0,2,4,0,180,0,6,0,0,0,P
0,1,0,0,0,1,0,0,0,0,0,0,0,0,0,0,0,0,0,0,0,0,0,0,0,0,0,2,4,0,180,0,6,0,0,0,P
1,0,0,0,0,0,0,0,0,0,0,0,0,0,0,0,0,0,0,0,0,0,0,0,0,0,0,2,6,0,473,0,12,8,0,0,P
0,0,1,0,0,0,0,0,0,0,0,0,1,0,0,0,0,0,0,0,0,0,0,0,0,0,2,3,8,0,474,0,9,6,0,0,P
1,0,0,0,0,0,0,0,0,0,0,0,0,0,0,0,0,0,0,0,0,0,0,0,0,0,1,3,7,0,474,0,12,4,0,0,P
0,0,0,1,0,0,0,0,0,0,0,0,0,0,0,0,0,0,0,0,0,0,0,0,0,0,2,3,7,0,480,0,6,3,0,0,P
0,1,0,0,0,0,0,0,0,0,0,0,0,0,0,0,0,0,0,0,0,0,0,0,0,0,3,3,13,0,473,0,7,2,0,0,P
1,0,0,0,0,0,0,0,0,0,0,0,0,0,0,0,0,0,0,0,0,0,0,0,0,0,0,0,7,0,482,0,10,2,0,0,P
0,0,0,0,0,1,0,0,0,0,0,0,0,0,0,0,0,0,0,0,0,0,0,0,0,0,0,0,0,0,16,0,2,0,0,0,P
0,0,0,0,0,1,0,0,0,0,0,0,0,0,0,0,0,0,0,0,0,0,0,0,0,0,0,0,0,0,16,0,2,0,0,0,P
1,0,0,0,0,1,0,0,0,0,0,0,0,0,0,0,0,0,0,0,0,0,0,0,0,0,0,0,3,0,474,0,23,2,0,0,P
1,0,0,0,0,0,0,0,0,0,0,0,0,0,0,0,0,0,0,0,0,0,0,0,0,0,2,1,6,0,480,0,9,3,0,0,P
1,0,0,0,0,0,0,0,0,0,0,0,0,0,0,0,0,0,0,0,0,0,0,0,0,0,1,1,15,0,468,0,12,1,3,0,P
1,1,0,0,0,0,0,0,0,0,0,0,0,0,0,1,0,0,0,0,0,0,0,0,0,0,0,0,5,0,489,0,4,5,0,0,P
0,1,0,0,0,0,0,0,0,0,0,0,0,0,0,0,0,0,0,0,0,0,0,0,0,0,1,4,9,0,475,0,8,3,1,0,P
1,0,0,0,0,0,0,0,0,0,0,0,0,0,0,0,0,0,0,0,0,0,0,0,0,0,1,9,13,0,462,0,9,7,0,0,P
1,0,0,0,0,0,0,0,0,0,0,0,0,0,0,0,0,0,0,0,0,0,0,0,0,0,2,1,5,0,477,0,9,5,2,0,P
1,0,0,0,0,0,0,0,0,0,0,0,0,0,0,0,0,0,0,0,0,0,0,0,0,0,1,1,3,0,474,0,15,7,0,0,P
1,0,0,0,0,0,0,0,0,0,0,0,0,0,0,0,0,0,0,0,0,0,0,0,0,0,3,1,10,0,472,0,8,6,1,0,P
0,1,0,0,0,0,0,0,0,0,0,0,0,0,0,0,0,0,0,0,0,0,0,0,0,0,1,0,12,0,476,0,9,3,0,0,P
1,0,0,0,0,0,0,0,0,0,0,0,0,0,0,0,0,0,0,0,0,0,0,0,0,0,0,0,3,0,413,0,3,1,0,0,P
1,0,0,0,0,0,0,0,0,0,0,0,0,0,0,0,0,0,0,0,0,0,0,0,0,0,0,0,3,0,413,0,3,1,0,0,P
15,0,0,0,0,1,0,0,0,0,0,0,0,0,0,1,0,0,0,0,0,0,0,0,0,0,0,0,4,0,495,0,10,8,0,0,P
1,0,0,0,0,0,0,0,0,0,0,0,0,0,0,0,0,0,0,0,0,0,0,0,0,0,0,6,19,0,463,0,10,3,0,0,P
16,0,0,0,0,2,0,0,0,0,0,0,0,0,0,0,0,0,0,0,0,0,0,0,0,0,0,3,12,0,484,0,13,6,0,0,P
0,0,0,0,0,0,0,0,0,0,1,0,0,0,0,0,0,0,0,0,0,0,0,0,0,0,0,2,12,0,467,0,14,6,0,0,P
2,0,0,0,0,0,0,0,0,0,0,0,0,0,0,0,0,0,0,0,0,0,0,0,0,0,0,0,7,0,333,0,11,2,2,0,P
1,0,0,0,0,0,0,0,0,0,0,0,0,0,0,0,0,0,0,0,0,0,0,0,0,0,0,0,7,0,483,0,6,5,0,0,P
1,0,0,0,0,0,0,0,0,0,0,0,0,0,0,0,0,0,0,0,0,0,0,0,0,0,0,0,4,0,116,0,3,1,0,0,P
1,0,0,0,0,0,0,0,0,0,0,0,0,0,0,0,0,0,0,0,0,0,0,0,0,0,0,0,4,0,116,0,3,1,0,0,P
15,1,1,0,0,4,0,0,0,0,0,0,0,0,0,0,0,0,0,0,0,0,0,0,0,0,0,1,3,0,499,0,13,5,0,0,P
1,0,0,0,0,0,0,0,0,0,0,0,0,0,0,0,0,0,0,0,0,0,0,0,0,0,5,3,5,0,473,0,4,11,0,0,P
16,0,1,0,0,4,0,0,0,0,0,1,0,0,0,0,0,0,0,0,0,0,0,0,0,0,1,4,9,0,493,0,13,2,0,0,P
0,1,0,0,0,0,0,0,0,0,0,0,0,0,0,0,0,0,0,0,0,0,0,0,0,0,4,0,3,0,477,0,10,7,0,0,P
1,0,0,0,0,0,0,0,0,0,0,0,0,0,0,0,0,0,0,0,0,0,0,0,0,0,1,3,6,0,475,0,6,10,0,0,P
0,0,1,0,0,0,0,0,0,0,0,0,0,0,0,0,0,0,0,0,0,0,0,0,0,0,1,3,8,0,303,0,6,1,0,0,P
0,0,1,0,0,0,0,0,0,0,0,0,0,0,0,0,0,0,0,0,0,0,0,0,0,0,1,3,8,0,303,0,6,1,0,0,P
2,0,0,0,0,0,0,0,0,0,0,0,0,0,0,0,0,0,0,0,0,0,0,0,0,0,0,0,7,0,333,0,11,2,2,0,P
15,0,0,0,0,2,0,0,0,0,0,0,0,0,0,0,0,0,0,0,0,0,0,0,0,0,0,1,11,0,488,0,14,3,0,0,P
1,0,0,0,0,0,0,0,0,0,0,0,0,0,0,0,0,0,0,0,0,0,0,0,0,0,0,6,17,0,465,0,9,4,0,0,P
1,0,0,0,0,0,0,0,0,0,0,0,0,0,0,0,0,0,0,0,0,0,0,0,0,0,1,3,15,0,463,0,12,7,0,0,P
1,0,0,0,0,0,0,0,0,0,0,0,0,0,0,0,0,0,0,0,0,0,0,0,0,0,0,4,20,0,460,0,10,7,0,0,P
0,0,1,0,0,0,0,0,0,0,0,0,0,0,0,0,0,0,0,0,0,0,0,0,0,0,2,6,13,0,465,0,8,7,0,0,P
1,0,0,0,0,0,0,0,0,0,0,0,0,0,0,0,0,0,0,0,0,0,0,0,0,0,1,3,16,0,462,0,10,9,0,0,P
0,0,0,0,0,0,0,0,0,0,0,0,1,0,0,0,0,0,0,0,0,0,0,0,0,0,0,3,8,0,292,0,1,5,0,0,P
0,0,0,0,0,0,0,0,0,0,0,0,1,0,0,0,0,0,0,0,0,0,0,0,0,0,0,3,8,0,292,0,1,5,0,0,P
15,0,0,0,0,4,0,0,0,0,2,0,0,0,0,0,0,0,0,0,0,0,0,0,0,0,0,2,5,0,496,0,15,3,0,0,P
0,1,0,0,0,0,0,0,0,0,0,0,0,0,0,0,0,0,0,0,0,0,0,0,0,0,0,2,13,0,468,0,9,9,0,0,P
0,0,0,0,0,1,0,0,0,0,0,0,0,0,0,0,0,0,0,0,0,0,0,0,0,0,1,1,11,0,476,0,9,3,0,0,P
0,1,0,0,0,0,0,0,0,0,0,0,0,0,0,0,0,0,0,0,0,0,0,0,0,0,0,1,7,0,476,0,12,5,0,0,P
0,0,0,0,0,0,0,0,0,0,1,0,0,0,0,0,0,0,0,0,0,0,0,0,0,0,0,0,1,0,477,0,9,4,0,0,P
0,0,0,0,0,0,0,0,0,0,1,0,0,0,0,0,0,0,0,0,0,0,0,0,0,0,0,0,1,0,477,0,9,4,0,0,P
16,0,0,0,0,3,1,0,0,0,1,0,0,0,0,0,0,0,0,0,0,0,0,0,0,0,0,0,12,0,490,0,15,4,0,0,P
0,1,0,0,0,0,0,0,0,0,0,0,0,0,0,0,0,0,0,0,0,0,0,0,0,0,0,2,20,0,469,0,7,3,0,0,P
0,1,0,0,0,0,0,0,0,0,0,0,0,0,0,0,0,0,0,0,0,0,0,0,0,0,1,1,13,0,471,0,11,3,1,0,P
1,0,0,0,0,0,0,0,0,0,0,0,0,0,0,0,0,0,0,0,0,0,0,0,0,0,0,0,1,0,106,0,3,1,0,0,P
1,0,0,0,0,0,0,0,0,0,0,0,0,0,0,0,0,0,0,0,0,0,0,0,0,0,0,0,1,0,106,0,3,1,0,0,P
3,0,0,0,0,0,0,0,0,0,0,0,0,0,0,0,1,0,0,0,0,0,0,0,0,0,1,0,4,0,480,0,10,7,2,0,P
0,1,0,0,0,0,0,0,0,0,1,0,0,0,0,0,0,0,0,0,0,0,0,0,0,0,1,3,8,0,482,0,5,3,0,0,P
1,0,0,0,0,0,0,0,0,0,0,0,0,0,0,0,0,0,0,0,0,0,0,0,0,0,1,3,8,0,478,0,7,4,0,0,P
1,0,0,0,0,0,1,0,0,0,0,0,0,0,0,0,0,0,0,0,0,0,0,0,0,0,2,4,12,0,464,0,14,5,1,0,P
2,0,0,0,0,0,0,0,0,0,0,0,0,0,0,0,0,0,0,0,0,0,0,0,0,0,0,2,7,0,482,0,8,2,1,0,P
0,0,0,0,0,1,0,0,0,0,0,0,0,0,0,0,0,0,0,0,0,0,0,0,0,0,0,0,6,0,434,0,9,2,0,0,P
0,0,0,0,0,1,0,0,0,0,0,0,0,0,0,0,0,0,0,0,0,0,0,0,0,0,0,0,6,0,434,0,9,2,0,0,P
0,0,0,0,0,1,1,0,0,0,0,1,0,0,0,0,0,0,0,0,0,0,0,0,0,0,0,1,14,0,475,0,8,5,0,0,P
1,0,0,0,0,0,0,0,0,0,0,0,0,0,0,0,0,0,0,0,0,0,0,0,0,0,0,4,13,0,474,0,7,3,0,0,P
0,1,0,0,0,2,0,0,0,0,1,0,0,0,0,0,0,0,0,0,0,0,0,0,0,0,2,2,8,0,474,0,15,3,0,0,P
1,0,0,0,0,0,0,0,0,0,0,0,0,0,0,0,0,0,0,0,0,0,0,0,0,0,0,3,16,0,477,0,4,1,0,0,P
0,1,0,0,0,0,0,0,0,0,0,0,0,0,0,0,0,0,0,0,0,0,0,0,0,0,2,3,15,0,475,0,5,1,0,0,P
0,0,1,0,0,0,0,0,0,0,0,0,0,0,0,0,0,0,0,0,0,0,0,0,0,0,1,8,14,0,372,0,10,1,0,0,P
4,1,0,0,0,3,0,0,2,0,6,1,0,0,0,1,0,0,0,0,0,0,0,0,0,0,8,6,14,0,464,0,16,10,0,0,PE
1,1,0,0,0,0,0,0,0,0,2,0,1,1,0,0,0,0,0,0,0,0,0,0,0,0,3,11,11,0,457,0,9,13,2,0,PE
0,0,0,1,0,0,0,0,0,0,0,0,0,0,0,0,0,0,0,0,0,0,0,0,0,0,4,1,12,0,465,0,16,2,1,0,PE
1,0,0,0,0,0,0,0,0,0,0,0,0,0,0,0,0,0,0,0,0,0,0,0,0,0,1,0,10,0,476,0,10,4,0,0,PE
1,0,0,0,0,0,0,0,0,0,0,0,0,0,0,0,0,0,0,0,0,0,0,0,0,0,0,7,9,0,470,0,12,2,1,0,PE
0,0,0,0,0,1,0,0,0,0,1,0,0,0,0,0,0,0,0,0,0,0,0,0,0,0,0,0,11,0,473,0,14,4,0,0,PE
4,2,0,0,0,2,0,0,0,0,0,1,0,0,0,0,0,0,0,0,0,0,0,0,0,0,0,1,9,0,479,0,10,10,0,0,PE
0,1,0,0,0,5,0,0,0,0,2,0,0,0,0,0,1,0,0,0,0,0,0,0,0,0,0,2,8,0,308,0,15,9,0,0,PE
0,1,0,0,0,5,0,0,0,0,2,0,0,0,0,0,1,0,0,0,0,0,0,0,0,0,0,2,8,0,308,0,15,9,0,0,PE
9,0,1,0,0,5,2,2,1,0,3,1,1,0,0,1,0,0,0,0,0,0,0,0,0,0,1,5,11,0,486,0,15,8,0,0,PE
0,1,1,0,0,2,0,0,0,0,0,1,2,1,0,0,0,0,0,0,0,0,0,0,0,0,3,3,20,0,467,0,9,6,0,0,PE
10,2,2,1,0,3,1,0,1,0,3,1,0,0,0,2,0,0,0,0,0,0,0,0,0,0,4,5,15,0,476,0,19,7,0,0,PE
7,1,0,0,0,6,0,0,1,0,5,1,1,1,0,1,0,0,0,0,0,0,0,0,0,0,6,2,11,0,478,0,15,12,0,0,PE
2,2,0,0,0,3,1,0,1,0,1,0,0,0,0,0,0,0,0,0,0,0,0,0,0,0,3,2,10,0,476,0,13,6,0,0,PE
1,1,1,0,0,0,0,0,0,0,0,0,0,0,0,0,0,0,0,0,0,0,0,0,0,0,3,1,24,0,462,0,10,3,0,0,PE
2,1,0,0,0,2,0,0,0,0,0,1,0,0,0,0,0,0,0,0,0,0,0,0,0,0,0,1,10,0,221,0,6,6,0,0,PE
2,1,0,0,0,2,0,0,0,0,0,1,0,0,0,0,0,0,0,0,0,0,0,0,0,0,0,1,10,0,221,0,6,6,0,0,PE
8,1,2,1,0,7,0,0,0,0,2,0,0,0,0,0,0,0,0,0,0,0,0,0,0,0,4,8,8,0,486,0,13,2,0,0,PE
3,0,0,0,0,1,0,0,0,0,0,1,0,0,0,2,0,0,0,0,0,0,0,0,0,0,5,3,8,0,479,0,8,4,0,0,PE
0,0,0,1,0,1,1,1,0,0,3,0,0,0,0,0,0,0,0,0,0,0,0,0,0,0,2,4,11,0,472,0,14,4,0,0,PE
8,2,0,0,0,8,1,0,1,0,3,1,0,0,0,2,0,0,0,0,0,0,0,0,0,0,2,0,8,0,488,0,20,8,0,0,PE
0,1,0,0,0,0,0,0,0,0,1,1,0,0,0,0,0,0,0,0,0,0,0,0,0,0,4,2,26,0,455,0,13,3,0,0,PE
2,0,1,1,0,1,1,0,0,0,0,0,0,0,0,0,0,0,0,0,0,0,0,0,0,0,2,1,9,0,484,0,10,0,0,0,PE
2,1,0,1,0,0,0,0,0,0,0,0,0,1,0,0,0,0,0,0,0,0,0,0,0,0,8,4,16,0,463,0,9,4,1,0,PE
1,0,0,0,0,0,0,0,0,0,0,0,0,0,0,0,0,0,0,0,0,0,0,0,0,0,1,9,16,0,467,0,7,1,0,0,PE
3,0,0,1,0,1,1,0,1,0,1,0,0,0,0,0,0,0,0,0,0,0,0,0,0,0,3,7,13,0,467,0,12,6,0,0,PE
1,1,0,1,0,1,0,0,0,0,1,0,0,0,0,0,0,0,0,0,0,0,0,0,0,0,1,3,6,0,197,0,5,5,0,0,PE
1,1,0,1,0,1,0,0,0,0,1,0,0,0,0,0,0,0,0,0,0,0,0,0,0,0,1,3,6,0,197,0,5,5,0,0,PE
9,4,0,1,0,7,1,1,0,0,0,0,1,0,0,3,0,0,0,0,0,0,0,0,0,0,3,3,17,0,482,0,16,6,0,0,PE
2,1,0,0,0,2,1,0,0,0,0,0,0,0,0,0,0,0,0,0,0,0,0,0,0,0,0,2,17,0,475,0,12,0,0,0,PE
4,3,0,0,0,8,1,1,0,0,2,1,0,0,0,2,0,0,0,0,0,0,0,0,0,0,0,3,16,0,470,0,27,6,0,0,PE
2,1,0,0,0,1,1,1,0,0,4,0,0,0,0,2,0,0,0,0,0,0,0,0,0,0,3,3,19,0,468,0,12,6,1,0,PE
6,2,1,2,0,3,1,0,0,0,5,1,1,1,0,2,0,0,0,0,0,0,0,0,0,0,6,6,11,0,473,0,14,15,0,0,PE
3,0,0,0,0,1,0,0,1,0,0,0,0,0,0,0,0,0,0,0,0,0,0,0,0,0,7,2,7,0,474,0,9,5,1,0,PE
2,2,1,1,0,2,0,0,0,0,1,0,0,0,0,1,0,0,0,0,0,0,0,0,0,0,8,3,14,0,470,0,9,6,0,0,PE
0,0,0,0,1,2,0,0,0,0,0,0,0,0,0,0,0,0,0,0,0,0,0,1,0,0,10,2,13,0,461,0,9,8,1,0,PE
0,1,0,1,0,0,1,0,1,0,2,0,0,0,0,0,0,0,0,0,0,0,0,0,0,0,4,4,5,0,256,0,9,5,0,0,PE
0,1,0,1,0,0,1,0,1,0,2,0,0,0,0,0,0,0,0,0,0,0,0,0,0,0,4,4,5,0,256,0,9,5,0,0,PE
4,0,0,2,0,1,0,2,0,0,4,0,0,0,0,2,0,0,0,0,1,0,0,0,0,0,3,4,11,0,469,0,16,10,3,0,PE
11,1,0,0,0,10,1,0,0,0,7,0,0,0,0,1,1,0,0,0,0,0,0,0,0,0,1,2,9,0,484,0,24,12,0,0,PE
0,0,0,0,0,0,0,1,0,0,2,0,1,0,0,0,0,0,0,0,0,0,0,0,0,0,0,9,5,0,475,0,12,3,0,0,PE
1,1,0,0,0,1,0,0,0,0,0,0,0,0,0,0,0,0,0,0,0,0,0,0,0,0,1,6,8,0,469,0,12,7,0,0,PE
0,0,1,0,0,1,0,0,2,0,1,1,0,0,1,0,0,0,0,0,0,0,0,0,0,0,8,4,11,0,465,0,14,5,0,0,PE
1,0,1,0,0,1,1,0,0,0,2,0,1,0,0,0,0,0,0,0,0,0,0,0,0,0,1,4,2,0,218,0,12,6,0,0,PE
1,0,1,0,0,1,1,0,0,0,2,0,1,0,0,0,0,0,0,0,0,0,0,0,0,0,1,4,2,0,218,0,12,6,0,0,PE
1,1,0,0,0,1,1,0,0,0,2,0,0,1,0,0,0,0,0,0,0,0,0,0,0,0,4,6,8,0,415,0,11,10,0,0,PE
6,0,1,0,0,6,3,1,0,0,3,3,0,0,0,3,0,0,0,0,0,0,0,0,0,0,1,8,13,0,475,0,22,7,0,0,PE
0,0,1,1,0,1,0,1,0,0,1,0,0,0,0,0,0,0,0,0,0,0,0,0,0,0,2,9,5,0,474,0,11,4,0,0,PE
2,1,0,0,0,0,0,0,0,0,0,0,0,0,0,0,0,0,0,0,0,0,0,0,0,0,3,9,9,0,463,0,14,5,0,0,PE
1,0,2,0,0,1,0,1,0,0,2,1,1,0,0,0,0,0,0,0,0,0,0,0,0,0,2,8,11,0,462,0,19,7,0,0,PE
4,1,0,1,0,6,0,1,0,0,5,0,1,1,0,0,2,0,0,0,0,0,0,0,0,0,7,10,15,0,464,0,15,11,0,0,PE
0,0,0,1,0,0,0,0,0,0,0,0,0,0,0,0,0,0,0,0,0,0,0,0,0,0,8,6,14,0,462,0,10,1,0,0,PE
1,0,0,0,0,1,0,0,0,0,2,0,0,0,0,0,0,0,0,0,0,0,0,0,0,0,2,6,11,0,463,0,15,7,0,0,PE
1,1,0,0,0,1,0,0,1,0,1,0,0,1,0,0,0,0,0,0,0,0,0,0,0,0,4,5,9,0,479,0,6,3,0,0,PE
3,1,1,0,0,2,1,0,1,0,2,0,0,0,0,0,0,0,0,0,0,0,0,0,0,0,3,8,10,0,469,0,18,3,0,0,PE
0,0,1,0,0,0,0,0,0,0,1,0,0,0,0,0,0,0,0,0,0,0,0,0,0,0,2,4,3,0,199,0,3,4,0,0,PE
1,1,0,0,0,1,1,0,0,0,2,0,0,1,0,0,0,0,0,0,0,0,0,0,0,0,4,6,8,0,415,0,11,10,0,0,PE
0,0,1,0,0,0,0,0,0,0,1,0,0,0,0,0,0,0,0,0,0,0,0,0,0,0,2,4,3,0,199,0,3,4,0,0,PE
6,1,0,0,0,10,2,0,0,0,1,1,0,0,0,1,0,0,0,0,0,0,0,0,0,0,2,7,10,0,477,0,17,7,2,0,PE
4,1,0,0,0,3,0,0,0,0,0,0,0,0,0,0,0,0,0,0,0,0,0,0,0,0,3,5,9,0,472,0,16,3,0,0,PE
1,1,0,0,0,1,0,0,0,0,1,0,0,0,0,1,0,0,0,0,0,0,0,0,0,0,2,8,14,0,457,0,16,8,0,0,PE
5,1,0,0,0,4,2,1,0,0,9,1,0,0,0,0,0,0,0,0,0,0,0,0,0,0,5,7,9,0,470,0,21,11,0,0,PE
1,1,0,0,0,1,1,0,0,0,0,1,2,0,0,0,0,0,0,0,0,0,0,0,0,0,1,6,9,0,466,0,19,6,0,0,PE
2,1,0,0,0,0,0,0,1,0,2,0,0,1,0,0,0,0,0,0,0,0,0,0,0,0,5,4,2,0,246,0,12,4,0,0,PE
2,1,0,0,0,0,0,0,1,0,2,0,0,1,0,0,0,0,0,0,0,0,0,0,0,0,5,4,2,0,246,0,12,4,0,0,PE
11,4,0,1,0,3,2,0,0,0,1,0,0,1,0,2,0,0,0,0,0,0,0,0,0,0,5,2,17,0,486,0,9,6,0,0,PE
3,1,0,1,0,1,0,0,0,0,1,1,0,0,0,0,0,0,0,0,0,0,0,0,0,0,6,3,12,0,469,0,10,6,2,0,PE
3,0,0,0,0,2,1,0,0,0,4,0,1,0,0,1,0,0,0,0,0,0,0,0,0,0,4,7,5,0,472,0,8,15,1,0,PE
8,1,2,0,0,3,1,0,3,0,2,0,0,0,0,2,0,0,0,0,0,0,0,0,0,0,7,6,18,0,470,0,11,8,2,0,PE
4,1,0,0,0,1,0,0,0,0,1,0,1,0,0,0,0,1,0,0,0,0,0,0,0,0,2,4,12,0,471,0,11,9,0,0,PE
5,1,0,0,0,1,1,1,0,0,4,0,0,0,0,0,0,1,0,0,1,0,0,0,0,0,0,4,19,0,401,0,9,7,3,0,PE
5,1,0,0,0,1,1,1,0,0,4,0,0,0,0,0,0,1,0,0,1,0,0,0,0,0,0,4,19,0,401,0,9,7,3,0,PE
4,0,0,2,0,7,0,0,0,0,5,0,0,1,0,4,0,0,0,0,0,0,0,0,0,0,3,4,14,0,468,0,20,14,0,0,PE
2,4,0,0,0,3,1,0,1,0,1,0,0,0,0,0,0,0,0,0,0,0,0,0,0,0,5,6,16,0,463,0,12,9,1,0,PE
12,1,1,2,0,3,1,0,0,0,5,0,1,0,0,2,0,0,0,0,0,0,0,0,0,0,5,6,15,0,479,0,8,14,1,0,PE
1,1,1,0,0,1,0,0,0,0,1,1,0,0,0,0,0,0,0,0,0,0,0,0,0,0,1,5,19,0,466,0,10,5,0,0,PE
4,0,1,2,0,9,0,0,2,0,7,0,0,0,0,0,0,0,0,0,0,0,0,0,0,0,4,4,8,0,483,0,17,8,1,0,PE
1,0,0,0,0,1,0,0,1,0,0,0,0,2,0,0,0,0,0,0,0,0,0,0,0,0,11,6,13,0,463,0,8,4,0,0,PE
2,1,0,0,0,2,0,0,0,0,4,0,1,2,0,1,1,0,0,0,0,0,0,0,0,0,5,3,6,0,475,0,12,13,0,0,PE
1,0,1,0,0,2,0,0,0,0,1,0,0,1,0,0,0,0,0,0,0,0,0,0,0,0,3,6,18,0,462,0,11,5,1,0,PE
3,1,0,0,0,2,0,0,0,0,1,0,0,0,0,0,0,0,1,0,0,0,0,0,0,0,13,4,11,0,469,0,8,2,1,0,PE
1,0,0,0,1,0,0,0,0,0,1,0,0,0,0,0,0,0,0,0,0,0,0,0,0,0,4,2,2,0,149,0,3,4,0,0,PE
1,0,0,0,1,0,0,0,0,0,1,0,0,0,0,0,0,0,0,0,0,0,0,0,0,0,4,2,2,0,149,0,3,4,0,0,PE
8,0,0,2,1,5,1,0,1,2,2,0,2,1,0,2,0,0,0,0,0,0,0,0,0,0,11,3,6,0,485,0,14,8,0,0,PE
2,0,1,0,0,0,0,0,2,0,0,0,0,1,0,2,0,0,0,0,0,0,0,0,0,0,14,8,15,0,449,0,17,5,0,0,PE
1,0,0,0,0,0,0,0,0,0,0,0,0,0,0,0,0,0,0,0,0,0,0,0,0,0,9,5,10,0,476,0,1,0,0,0,PE
3,0,0,4,0,7,0,0,2,0,7,0,0,1,0,5,0,0,0,0,0,0,0,0,0,0,14,2,8,0,466,0,19,19,1,0,PE
2,0,0,2,0,0,0,0,0,0,0,0,1,0,0,0,0,0,0,0,0,0,0,0,0,0,8,7,12,0,471,0,4,2,1,0,PE
2,0,0,1,0,0,0,0,0,0,1,0,0,1,0,3,0,0,0,0,0,0,0,0,0,0,8,8,8,0,457,0,18,7,2,0,PE
5,1,2,0,0,6,0,0,0,0,6,1,0,1,0,2,0,0,1,0,0,0,0,0,0,0,3,3,7,0,484,0,15,12,1,0,PE
0,1,0,1,0,2,0,0,1,0,1,0,0,0,0,1,0,0,0,0,0,0,0,0,0,0,5,6,6,0,312,0,9,6,0,0,PE
0,1,0,1,0,2,0,0,1,0,1,0,0,0,0,1,0,0,0,0,0,0,0,0,0,0,5,6,6,0,312,0,9,6,0,0,PE
1,1,0,2,0,0,0,0,1,0,0,0,0,1,0,1,0,0,0,0,0,0,0,0,0,0,17,6,7,0,455,0,11,11,0,0,PE
6,0,1,2,0,6,1,0,0,0,6,0,0,0,0,1,0,0,0,0,0,0,0,0,0,0,10,1,12,0,471,0,19,10,0,0,PE
0,0,0,0,0,2,0,0,0,0,1,1,0,0,0,0,0,0,0,0,0,0,0,0,0,0,0,1,7,0,482,0,11,3,0,0,PE
2,1,1,1,0,3,0,0,0,0,4,0,0,0,0,1,0,0,0,0,0,0,0,0,0,0,1,2,8,0,482,0,11,9,0,0,PE
9,1,0,1,0,6,1,0,0,0,6,0,0,1,0,2,0,0,0,0,0,0,0,0,0,0,9,1,7,0,482,0,15,13,0,0,PE
0,1,1,0,0,1,0,0,0,0,1,1,0,0,0,0,0,0,0,0,0,0,0,0,0,0,2,1,19,0,469,0,9,5,0,0,PE
3,0,0,0,0,0,0,0,0,0,1,0,0,0,0,0,0,0,0,0,0,0,0,0,0,0,2,2,5,0,482,0,9,4,0,0,PE
1,0,0,0,0,0,0,0,1,0,0,0,0,0,0,2,0,0,0,0,0,0,0,0,0,0,4,7,12,0,470,0,4,7,0,0,PE
4,0,0,0,0,1,0,0,0,0,7,0,0,0,0,0,0,0,0,0,0,0,0,0,0,0,0,2,4,0,485,0,12,9,0,0,PE
2,0,0,0,0,1,2,0,1,0,1,0,0,1,0,0,0,0,0,0,0,0,0,0,0,0,17,2,18,0,448,0,15,8,0,0,PE
0,0,0,0,0,0,1,0,0,0,0,0,0,0,0,0,0,0,0,0,0,0,0,0,0,0,0,0,6,0,489,0,3,3,0,0,PE
0,0,1,0,0,0,0,0,1,0,0,0,0,0,0,0,0,0,0,0,0,0,0,0,0,0,1,1,5,0,145,0,3,2,0,0,PE
0,0,1,0,0,0,0,0,1,0,0,0,0,0,0,0,0,0,0,0,0,0,0,0,0,0,1,1,5,0,145,0,3,2,0,0,PE
6,0,0,2,1,9,1,0,0,0,6,0,0,0,0,1,0,0,0,0,0,0,0,0,0,0,4,3,10,0,476,0,24,9,0,0,PE
3,0,0,0,0,2,1,0,0,0,0,1,0,0,0,0,0,0,0,0,0,0,0,0,0,0,4,3,15,0,475,0,8,2,0,0,PE
0,1,0,0,0,1,0,0,0,0,1,0,0,0,0,2,0,0,0,0,0,0,0,0,0,0,3,14,16,0,456,0,12,4,0,0,PE
13,1,0,0,0,5,2,0,1,0,2,0,0,0,0,2,0,0,0,0,0,0,0,0,0,0,6,4,16,0,473,0,19,7,1,0,PE
2,0,1,0,0,0,0,0,0,0,0,0,0,0,0,1,0,0,0,0,0,0,0,0,0,0,0,3,10,0,474,0,13,4,0,0,PE
1,0,0,0,0,0,1,0,1,0,2,1,0,0,0,0,0,0,0,0,0,0,0,0,0,0,3,3,12,0,473,0,9,6,0,0,PE
0,1,0,0,0,1,0,0,0,1,0,0,0,0,0,0,0,0,0,0,0,0,0,0,0,0,8,4,18,0,455,0,14,4,0,0,PE
2,0,0,1,0,2,1,0,0,0,2,0,0,1,0,3,0,0,0,0,0,0,0,0,0,0,5,7,7,0,413,0,11,8,0,0,PE
1,0,0,0,0,2,0,0,0,0,1,0,0,0,0,0,0,0,0,0,0,0,0,0,0,0,2,2,11,0,473,0,14,1,1,0,PE
2,1,0,0,0,1,0,0,0,0,0,0,0,0,0,0,0,0,0,0,0,0,0,0,0,0,2,1,7,0,478,0,14,2,0,0,PE
0,1,0,0,0,2,0,0,0,0,0,0,0,0,0,0,0,0,0,0,0,0,0,0,0,0,0,2,9,0,467,0,17,8,0,0,PE
1,0,0,0,0,0,0,0,0,0,1,0,1,0,0,0,0,0,0,0,0,0,0,0,0,0,0,3,7,0,481,0,8,4,0,0,PE
0,0,0,0,0,0,1,0,0,0,1,0,0,0,0,0,0,0,0,0,0,0,0,0,0,0,0,2,8,0,269,0,9,3,1,0,PE
0,0,0,0,0,0,1,0,0,0,1,0,0,0,0,0,0,0,0,0,0,0,0,0,0,0,0,2,8,0,269,0,9,3,1,0,PE
6,0,0,0,0,5,0,0,0,0,8,1,0,3,0,2,0,0,0,0,0,0,0,0,0,0,7,1,13,0,471,0,16,17,0,0,PE
1,1,0,1,0,0,0,0,0,0,2,0,0,0,0,2,0,0,0,0,0,0,0,0,0,0,7,1,20,0,461,0,11,7,0,0,PE
1,1,0,0,0,1,0,0,0,0,4,0,0,0,0,0,0,0,0,0,0,0,0,0,0,0,3,0,16,0,467,0,15,6,0,0,PE
1,0,1,0,0,0,0,0,0,0,1,0,0,0,0,1,0,0,0,0,0,0,0,0,0,0,3,4,14,0,465,0,12,6,0,0,PE
2,0,0,1,0,2,1,0,0,0,2,0,0,1,0,3,0,0,0,0,0,0,0,0,0,0,5,7,7,0,413,0,11,8,0,0,PE
4,1,0,0,0,11,1,0,0,1,4,0,1,0,1,0,0,0,0,0,0,0,0,0,0,0,3,3,11,0,476,0,23,8,0,0,PE
1,0,0,0,0,0,0,1,2,0,3,0,0,0,0,0,0,0,0,0,0,0,0,0,0,0,9,4,9,0,465,0,13,7,0,0,PE
1,1,0,0,0,0,0,0,0,0,1,1,1,0,0,0,0,0,0,0,0,0,0,0,0,0,6,5,23,0,456,0,9,6,0,0,PE
1,1,0,0,0,1,0,0,0,0,2,0,0,1,0,0,0,0,0,0,0,0,0,0,0,0,5,2,15,0,350,0,8,2,0,0,PE
1,1,0,0,0,1,0,0,0,0,2,0,0,1,0,0,0,0,0,0,0,0,0,0,0,0,5,2,15,0,350,0,8,2,0,0,PE
5,2,0,1,0,6,1,0,1,0,7,0,0,0,0,1,0,0,0,0,0,0,0,0,0,0,6,2,13,0,470,0,26,7,0,0,PE
2,0,0,0,0,1,0,1,0,0,3,0,0,1,0,0,0,0,0,0,0,0,0,0,0,0,5,2,20,0,465,0,6,10,0,0,PE
1,0,0,1,0,2,0,0,0,0,1,0,0,0,0,0,0,0,0,0,0,0,0,0,0,0,5,4,10,0,468,0,14,4,0,0,PE
3,2,0,0,0,3,0,1,1,1,2,1,0,1,0,2,0,0,0,0,0,0,0,0,0,0,5,3,18,0,464,0,19,8,0,0,PE
0,0,0,1,0,1,2,0,0,0,1,0,0,0,0,0,0,0,0,0,0,0,0,0,0,0,4,2,21,0,458,0,17,3,0,0,PE
9,3,1,0,0,9,1,0,0,0,7,0,0,0,0,2,0,0,0,0,0,0,0,0,0,0,5,4,14,0,476,0,18,14,1,0,PE
1,0,0,0,0,0,0,0,0,0,0,0,0,0,0,0,0,0,0,0,0,0,0,0,0,0,3,3,11,0,480,0,4,0,0,0,PE
1,1,0,0,0,0,0,0,0,0,1,0,0,0,0,0,0,0,0,0,0,0,0,0,0,0,6,1,11,0,269,0,8,5,0,0,PE
1,1,0,0,0,0,0,0,0,0,1,0,0,0,0,0,0,0,0,0,0,0,0,0,0,0,6,1,11,0,269,0,8,5,0,0,PE
9,0,0,0,0,7,0,0,0,0,8,1,0,0,0,1,0,0,0,0,0,0,0,0,0,0,3,4,10,0,474,0,19,15,1,0,PE
3,0,0,1,0,6,0,0,1,0,0,0,0,0,0,0,1,0,0,0,0,0,0,0,0,0,5,2,9,0,464,0,28,4,0,0,PE
9,4,0,1,0,4,0,0,0,0,1,0,0,0,0,1,0,0,0,0,0,0,0,0,0,0,2,3,16,0,488,0,6,5,0,0,PE
1,1,0,1,0,1,0,0,0,0,0,0,0,1,0,0,0,0,0,0,0,0,0,0,0,0,7,7,20,0,463,0,5,3,0,0,PE
2,0,0,0,0,3,1,0,0,0,0,0,0,0,0,0,0,0,0,0,0,0,0,0,0,0,1,3,16,0,463,0,17,6,0,0,PE
3,3,0,1,0,0,0,0,0,0,0,0,0,0,0,0,0,0,0,0,0,0,0,0,0,0,5,0,10,0,312,0,5,1,0,0,PE
3,3,0,1,0,0,0,0,0,0,0,0,0,0,0,0,0,0,0,0,0,0,0,0,0,0,5,0,10,0,312,0,5,1,0,0,PE
1,0,1,0,0,2,0,0,0,0,1,1,0,0,0,1,0,0,0,0,0,0,0,0,0,0,4,7,18,0,461,0,10,7,0,0,PE
1,3,0,0,0,0,0,1,0,0,1,2,0,0,0,0,1,0,0,0,0,0,0,0,0,0,5,1,28,0,459,0,9,7,0,0,PE
10,5,1,0,0,5,0,0,0,0,3,1,1,0,0,1,0,0,0,0,0,0,0,0,0,0,1,4,10,0,493,0,8,11,0,0,PE
2,2,2,0,0,0,1,0,0,0,1,1,0,0,0,0,0,0,0,0,0,0,0,0,0,0,1,8,16,0,476,0,4,4,0,0,PE
0,1,0,1,0,0,1,0,2,0,0,0,0,0,0,0,0,0,0,0,0,0,0,0,0,0,6,3,21,0,464,0,11,0,0,0,PE
6,0,1,1,0,1,0,0,1,0,0,1,0,0,0,0,0,0,0,0,0,0,0,0,0,0,3,8,8,0,483,0,7,2,0,0,PE
3,0,0,0,0,0,0,0,0,0,0,0,0,0,0,0,0,0,0,0,0,0,0,0,0,0,1,1,11,0,211,0,6,0,0,0,PE
3,0,0,0,0,0,0,0,0,0,0,0,0,0,0,0,0,0,0,0,0,0,0,0,0,0,1,1,11,0,211,0,6,0,0,0,PE
6,0,0,0,0,5,0,0,1,0,2,0,0,0,0,3,0,1,0,0,0,0,0,0,0,0,10,5,7,0,476,0,13,5,2,0,PE
1,0,0,0,0,1,0,0,0,0,4,0,0,1,0,0,0,0,0,0,0,0,0,0,0,0,1,2,6,0,459,0,23,14,2,0,PE
4,0,0,0,0,3,0,0,0,0,0,0,0,0,0,0,0,0,0,0,0,0,0,0,0,0,3,3,7,0,478,0,10,6,0,0,PE
0,2,0,1,0,1,1,0,0,0,0,0,0,0,0,0,0,0,0,0,0,0,0,0,0,0,5,1,22,0,469,0,7,1,0,0,PE
9,2,1,1,0,4,0,0,0,0,6,0,2,0,0,1,0,0,0,0,0,0,0,0,0,0,3,7,12,0,478,0,12,14,0,0,PE
0,2,0,1,0,0,1,0,1,0,0,0,0,0,0,0,0,0,0,0,0,0,0,0,0,0,8,4,18,0,459,0,14,2,0,0,PE
1,0,1,0,0,2,0,0,0,0,1,0,0,0,0,0,0,0,0,0,0,0,0,0,0,0,3,3,13,0,470,0,9,7,0,0,PE
3,0,0,2,0,0,0,0,0,0,0,0,1,0,0,0,0,0,0,0,0,0,0,0,0,0,5,3,15,0,465,0,13,5,0,0,PE
0,0,0,0,0,1,0,0,0,0,0,0,0,0,0,0,0,0,0,0,0,0,0,0,0,0,0,6,13,0,478,0,4,0,0,0,PE
1,0,0,0,0,1,0,0,0,0,1,0,0,0,0,1,0,0,0,0,0,0,0,0,0,0,1,5,14,0,466,0,8,10,0,0,PE
0,0,0,0,0,0,2,0,0,0,0,0,1,0,0,0,0,0,0,0,0,0,0,0,0,0,0,2,3,0,109,0,3,1,0,0,PE
0,0,0,0,0,0,2,0,0,0,0,0,1,0,0,0,0,0,0,0,0,0,0,0,0,0,0,2,3,0,109,0,3,1,0,0,PE
6,1,2,2,0,3,0,0,0,0,7,0,1,0,0,1,0,0,0,0,0,0,0,0,0,0,5,4,14,0,479,0,10,11,0,0,PE
2,0,0,0,0,2,0,0,0,0,1,0,0,0,0,0,0,0,0,0,0,0,0,0,0,0,1,2,14,0,476,0,7,5,0,0,PE
4,0,0,0,0,0,0,0,0,0,1,1,0,1,0,0,0,0,0,0,0,0,0,0,0,0,2,1,5,0,484,0,6,8,1,0,PE
1,1,0,0,0,0,0,0,0,0,2,0,0,0,0,0,0,0,0,0,0,0,0,0,0,0,4,1,10,0,472,0,12,5,0,0,PE
3,0,1,2,0,0,0,0,0,0,0,1,0,0,0,0,0,0,0,0,0,0,0,0,0,0,3,4,10,0,479,0,6,5,0,0,PE
2,0,0,0,0,0,0,0,1,0,1,0,0,0,0,1,0,0,0,0,0,0,0,0,0,0,7,1,10,0,443,0,10,6,1,0,PE
2,0,0,0,0,0,0,0,1,0,1,0,0,0,0,1,0,0,0,0,0,0,0,0,0,0,7,1,10,0,443,0,10,6,1,0,PE
6,1,1,0,0,5,1,0,1,0,5,0,1,0,0,0,0,0,0,0,0,0,0,0,0,0,8,5,9,0,474,0,13,12,0,0,PE
1,1,0,0,0,0,1,0,0,0,2,2,0,0,0,0,0,0,0,0,0,0,0,0,0,0,2,2,16,0,466,0,13,8,0,0,PE
2,1,0,0,0,0,0,0,0,0,0,0,0,0,0,0,0,0,0,0,0,0,0,0,0,0,1,4,15,0,472,0,10,1,0,0,PE
9,1,0,1,0,3,1,0,0,0,8,0,2,1,0,0,0,0,0,0,0,0,0,0,0,0,5,6,7,0,482,0,10,16,0,0,PE
1,0,0,0,0,1,1,0,1,0,2,0,0,0,0,1,0,0,0,0,0,0,0,0,0,0,2,0,14,0,466,0,16,9,0,0,PE
1,0,0,0,0,0,0,0,0,0,0,0,0,0,0,0,0,0,0,0,0,0,0,0,0,0,0,6,13,0,479,0,3,0,0,0,PE
7,0,1,1,0,5,0,0,0,0,3,0,0,0,0,2,0,0,0,0,0,0,0,0,0,0,5,4,14,0,475,0,14,6,1,0,PE
3,0,0,0,0,0,0,0,0,0,1,0,0,0,0,0,0,0,0,0,0,0,0,0,0,0,3,3,17,0,464,0,9,8,0,0,PE
0,0,0,1,0,0,0,0,0,0,1,0,0,0,0,0,0,0,0,0,0,0,0,0,0,0,2,3,19,0,468,0,8,2,0,0,PE
2,0,0,0,0,0,0,0,0,0,2,0,0,0,0,0,0,0,0,0,0,0,0,0,0,0,5,8,23,0,457,0,6,5,0,0,PE
1,0,1,0,0,1,0,0,0,0,0,0,0,0,0,0,0,0,0,0,0,0,0,0,0,1,6,5,9,0,474,0,7,1,0,0,PE
0,1,0,0,0,1,1,0,1,0,0,0,1,0,0,0,0,0,0,0,0,0,0,0,0,0,7,7,22,0,450,0,17,2,0,0,PE
0,0,0,1,0,0,0,0,0,0,0,0,0,0,0,0,0,0,0,0,0,0,0,0,0,0,2,0,1,0,75,0,2,2,0,0,PE
0,0,0,1,0,0,0,0,0,0,0,0,0,0,0,0,0,0,0,0,0,0,0,0,0,0,2,0,1,0,75,0,2,2,0,0,PE
5,3,1,0,0,7,0,0,0,0,7,0,0,0,0,2,0,0,0,0,0,0,0,0,0,1,3,6,15,0,471,0,18,11,0,0,PE
1,0,0,0,0,0,0,0,0,0,0,0,0,0,0,0,0,0,0,0,0,0,0,0,0,0,2,8,15,0,469,0,7,0,0,0,PE
3,0,0,0,0,2,1,0,0,0,0,0,1,0,0,0,0,0,0,0,0,0,0,0,0,0,7,6,10,0,466,0,14,3,1,0,PE
1,1,0,1,0,3,0,1,0,0,2,0,0,0,0,0,0,0,0,0,0,0,0,0,0,0,3,3,8,0,479,0,10,6,0,0,PE
2,0,0,0,0,0,0,0,0,0,0,0,0,0,0,0,0,0,0,0,0,0,0,0,0,0,0,5,20,0,462,0,11,4,0,0,PE
0,1,0,0,0,0,1,0,1,0,0,0,1,0,0,0,0,0,0,0,0,0,0,0,0,0,3,5,18,0,469,0,7,2,0,0,PE
0,0,0,0,0,1,0,1,0,0,2,0,0,0,0,0,0,0,0,0,0,0,0,0,0,0,6,4,19,0,459,0,9,7,0,0,PE
2,0,0,0,0,0,0,0,0,0,1,0,0,0,0,0,0,0,0,0,0,0,0,0,0,0,4,0,6,0,278,0,4,2,0,0,PE
2,0,0,0,0,0,0,0,0,0,1,0,0,0,0,0,0,0,0,0,0,0,0,0,0,0,4,0,6,0,278,0,4,2,0,0,PE
6,3,0,0,0,3,0,0,0,0,4,0,0,2,0,2,0,0,0,0,0,0,0,0,0,0,5,1,16,0,471,0,16,11,0,0,PE
1,1,0,0,0,0,0,0,0,0,0,1,0,0,0,1,0,0,0,0,0,0,0,0,0,0,4,1,11,0,478,0,5,5,0,0,PE
0,1,0,0,0,0,0,0,0,0,0,1,0,0,0,0,0,0,0,0,0,0,0,0,0,0,9,1,16,0,468,0,4,4,0,0,PE
3,0,0,0,0,0,0,0,0,0,1,0,0,0,0,0,0,0,0,0,0,0,0,0,0,0,2,2,15,0,463,0,18,4,0,0,PE
2,0,0,1,0,2,0,1,0,0,0,0,0,0,0,0,0,0,0,0,0,0,0,0,0,0,8,5,10,0,469,0,8,5,1,0,PE
1,0,0,0,0,0,0,0,0,0,1,0,1,0,0,2,0,0,0,0,0,0,0,0,0,0,4,3,4,0,194,0,6,8,0,0,PE
0,1,0,0,0,1,0,0,0,0,0,0,0,0,0,0,0,0,0,0,0,0,0,0,0,0,0,0,1,0,156,0,2,1,0,0,PE
0,1,0,0,0,1,0,0,0,0,0,0,0,0,0,0,0,0,0,0,0,0,0,0,0,0,0,0,1,0,156,0,2,1,0,0,PE
9,0,0,0,0,2,1,0,0,0,6,1,0,1,0,2,0,0,0,0,0,0,0,0,0,0,5,0,13,0,478,0,10,15,1,0,PE
2,0,0,0,0,0,0,0,0,0,0,0,0,1,0,0,0,1,0,0,0,0,0,0,0,0,2,5,10,0,471,0,8,7,1,0,PE
1,1,0,0,0,1,0,0,0,0,1,0,0,0,0,0,0,0,0,0,0,0,0,0,0,0,4,2,24,0,461,0,7,6,0,0,PE
1,1,0,0,1,2,0,0,0,0,1,1,0,0,0,0,0,0,0,0,0,0,0,0,0,0,2,3,20,0,459,0,12,11,0,0,PE
6,4,1,1,0,4,1,1,0,1,4,1,0,1,0,0,0,0,0,0,0,0,0,0,0,1,8,5,13,0,480,0,11,7,0,0,PE
0,1,0,0,0,1,0,0,0,0,0,0,0,0,0,0,0,0,0,0,0,0,0,0,0,0,1,7,12,0,469,0,11,2,0,0,PE
1,0,0,0,0,2,1,0,0,0,0,0,0,0,0,0,0,0,0,0,0,0,0,0,0,0,4,1,13,0,471,0,13,2,0,0,PE
1,1,0,1,0,0,0,0,0,0,1,0,0,0,0,0,0,0,0,0,0,0,0,0,0,0,3,3,15,0,467,0,10,6,0,0,PE
1,0,0,0,0,0,0,0,0,0,1,0,1,0,0,2,0,0,0,0,0,0,0,0,0,0,4,3,4,0,194,0,6,8,0,0,PE
1,1,0,0,0,0,0,0,0,0,1,0,1,1,0,0,0,0,0,0,0,0,0,0,0,0,2,2,8,0,475,0,8,10,0,0,PE
1,1,0,0,0,1,0,0,0,0,1,0,0,0,0,1,0,0,0,0,0,0,0,0,0,0,2,3,18,0,469,0,3,8,2,0,PE
1,0,0,0,0,1,0,0,0,0,0,0,0,1,0,0,0,0,0,0,0,0,0,0,0,0,1,0,5,0,131,0,5,2,0,0,PE
1,0,0,0,0,1,0,0,0,0,0,0,0,1,0,0,0,0,0,0,0,0,0,0,0,0,1,0,5,0,131,0,5,2,0,0,PE
7,2,1,0,0,7,1,1,0,0,4,0,0,1,0,1,0,0,0,0,0,0,0,0,0,0,3,5,15,0,479,0,17,6,0,0,PE
3,0,0,1,0,1,0,0,0,0,2,0,0,0,0,0,0,0,0,0,0,0,0,0,0,0,6,2,10,0,464,0,12,13,0,0,PE
2,1,0,0,0,0,0,0,0,0,1,0,0,0,0,0,0,0,0,0,0,0,0,0,0,0,9,8,25,0,456,0,5,1,0,0,PE
1,0,0,0,0,1,0,0,0,0,1,0,0,0,0,1,0,0,0,0,0,0,0,0,0,0,3,3,16,0,472,0,6,2,2,0,PE
11,1,0,1,0,2,0,0,0,0,7,1,0,0,0,1,0,0,0,0,0,0,0,0,0,0,5,2,12,0,480,0,11,14,0,0,PE
1,0,1,0,0,1,0,0,0,0,2,1,0,0,0,0,0,0,0,0,0,0,0,0,0,0,5,3,16,0,474,0,5,3,0,0,PE
12,2,1,1,0,9,0,1,0,0,5,0,2,0,0,2,0,0,0,0,0,0,0,0,0,0,3,6,12,0,489,0,15,10,0,0,PE
4,2,1,1,0,3,2,0,1,0,5,0,1,0,0,0,0,0,0,0,0,0,0,0,0,0,4,3,15,0,471,0,16,11,0,0,PE
0,1,1,0,0,0,0,1,0,0,0,0,0,0,0,0,0,0,0,0,0,0,0,0,0,0,1,5,14,0,466,0,10,7,0,0,PE
0,1,0,0,0,1,0,0,0,0,0,0,0,0,0,0,0,0,0,0,0,0,0,0,0,0,0,3,16,0,462,0,17,3,1,0,PE
2,0,1,1,0,0,0,0,0,0,1,0,1,0,0,0,0,0,0,0,0,0,0,0,0,0,3,4,11,0,454,0,9,8,0,0,PE
2,0,1,1,0,0,0,0,0,0,1,0,1,0,0,0,0,0,0,0,0,0,0,0,0,0,3,4,11,0,454,0,9,8,0,0,PE
1,0,0,0,0,1,0,0,0,0,0,0,0,0,0,0,0,0,0,0,0,0,0,0,0,0,1,1,9,0,483,0,8,0,0,0,PE
5,0,0,0,0,1,0,0,0,0,3,0,0,0,0,1,0,1,0,0,0,0,0,0,0,0,0,2,2,0,479,0,20,7,1,0,PE
9,3,1,1,0,4,0,0,0,0,6,0,1,0,0,1,0,0,0,0,0,0,0,0,0,0,1,8,17,0,481,0,9,10,0,0,PE
2,1,1,2,0,0,0,0,0,0,1,0,1,0,0,0,0,0,0,0,0,0,0,0,0,0,2,4,9,0,482,0,8,3,0,0,PE
0,0,2,1,0,1,0,0,0,0,0,0,0,0,0,0,0,0,0,0,0,0,0,0,0,0,13,10,22,0,450,0,8,1,0,0,PE
0,1,0,0,0,3,1,0,0,0,0,0,0,0,0,0,0,0,0,0,0,0,0,0,0,0,2,3,5,0,220,0,16,3,0,0,PE
1,2,1,0,0,2,2,0,0,0,2,1,0,0,0,0,0,0,0,0,0,0,0,0,0,0,1,3,25,0,459,0,14,8,1,0,PE
0,1,0,0,0,3,1,0,0,0,0,0,0,0,0,0,0,0,0,0,0,0,0,0,0,0,2,3,5,0,220,0,16,3,0,0,PE
10,3,1,1,0,3,2,0,0,0,3,0,0,0,0,0,0,0,0,0,0,0,0,0,0,0,1,3,16,0,487,0,10,6,0,0,PE
1,1,0,0,0,1,1,0,0,0,0,0,0,0,0,0,0,0,0,0,0,0,0,0,0,0,3,4,10,0,478,0,8,1,0,0,PE
0,2,0,0,0,1,1,0,1,0,2,1,0,0,0,0,0,0,0,0,0,0,0,0,0,0,4,1,19,0,465,0,11,8,0,0,PE
7,6,2,0,0,4,1,1,1,0,4,1,0,0,0,0,0,0,0,0,0,0,0,0,0,0,2,6,17,0,482,0,14,6,0,0,PE
3,1,2,0,0,1,1,0,1,0,0,3,0,0,0,1,0,0,0,0,0,0,0,0,0,0,2,7,24,0,467,0,9,4,0,0,PE
1,0,0,0,0,0,0,0,1,0,0,0,0,0,0,0,0,0,0,0,0,0,0,0,0,0,1,1,4,0,180,0,7,1,1,0,PE
1,0,0,0,0,0,0,0,1,0,0,0,0,0,0,0,0,0,0,0,0,0,0,0,0,0,1,1,4,0,180,0,7,1,1,0,PE
18,4,1,1,0,0,0,1,1,0,6,0,0,0,0,3,0,0,0,0,0,0,0,0,0,0,2,5,10,0,500,0,8,8,2,0,PE
1,0,1,1,0,0,1,0,0,0,0,0,1,0,0,0,0,0,0,0,0,0,0,0,0,0,4,3,4,0,481,0,6,7,0,0,PE
0,1,0,0,0,2,1,0,0,0,5,0,0,1,0,0,0,0,0,0,0,0,0,0,0,0,3,2,11,0,470,0,12,12,0,0,PE
1,0,1,0,0,0,0,0,0,0,1,0,0,0,0,1,0,0,0,0,0,0,0,0,0,0,2,1,8,0,479,0,10,2,2,0,PE
3,2,1,0,0,0,0,0,0,0,0,0,0,0,0,0,0,0,0,0,0,0,0,0,0,0,4,3,10,0,478,0,4,6,1,0,PE
10,3,1,0,0,1,1,1,0,0,4,0,0,1,0,4,0,0,0,0,0,0,0,0,0,0,5,4,10,0,482,0,12,11,2,0,PE
2,1,0,1,0,0,0,0,1,0,0,0,0,0,0,0,0,0,0,0,0,0,0,0,0,0,8,6,15,0,466,0,5,5,0,0,PE
2,3,1,0,0,0,0,0,0,0,0,0,0,1,0,0,0,0,0,0,0,0,0,0,0,0,2,2,9,0,486,0,5,2,1,0,PE
0,2,0,1,0,0,0,1,0,0,1,0,0,0,0,0,0,0,0,0,0,0,0,0,0,0,3,3,13,0,392,0,4,1,0,0,PE
0,2,0,1,0,0,0,1,0,0,1,0,0,0,0,0,0,0,0,0,0,0,0,0,0,0,3,3,13,0,392,0,4,1,0,0,PE
1,0,0,0,0,2,0,0,0,0,1,0,0,0,0,0,0,0,0,0,0,0,0,0,0,0,0,0,2,0,481,0,15,6,0,0,PE
2,1,0,0,0,6,0,0,0,0,2,0,0,0,0,0,0,0,0,0,0,0,0,0,0,0,2,2,8,0,478,0,17,4,0,0,PE
1,2,1,1,0,3,0,1,1,0,0,0,0,0,0,0,0,0,0,0,0,0,0,0,0,0,1,10,14,0,475,0,8,1,1,0,PE
6,0,1,4,0,7,0,0,3,0,5,0,0,1,1,0,0,0,0,0,0,0,0,0,0,0,19,4,6,0,468,0,24,7,0,0,PE
5,1,0,1,0,2,0,0,0,0,2,0,0,0,0,0,0,0,0,0,0,0,0,0,0,0,1,2,6,0,484,0,14,4,0,0,PE
4,1,3,1,0,4,1,0,1,0,0,1,0,0,0,0,0,0,0,0,0,0,0,0,0,0,2,6,10,0,481,0,13,3,1,0,PE
1,0,0,1,0,1,1,0,0,0,0,0,0,0,0,0,0,0,0,0,0,0,0,0,0,0,2,2,6,0,142,0,5,1,0,0,PE
1,0,0,1,0,1,1,0,0,0,0,0,0,0,0,0,0,0,0,0,0,0,0,0,0,0,2,2,6,0,142,0,5,1,0,0,PE
1,0,0,0,0,7,1,0,0,0,4,0,0,0,0,0,0,0,0,0,0,0,0,0,0,0,3,2,13,0,462,0,19,14,0,0,PE
2,0,0,0,0,1,0,0,1,0,2,0,0,0,0,1,0,1,0,0,0,0,0,0,0,0,1,2,4,0,263,0,7,3,0,0,PE
2,0,0,0,0,1,0,0,1,0,2,0,0,0,0,1,0,1,0,0,0,0,0,0,0,0,1,2,4,0,263,0,7,3,0,0,PE
2,0,1,1,0,3,0,0,0,0,0,1,0,0,0,2,0,0,0,0,0,0,0,0,0,0,3,5,13,0,475,0,10,4,0,0,PE
3,0,0,0,0,5,0,0,0,0,3,1,0,0,0,1,0,0,0,0,0,0,0,0,0,0,1,9,9,0,469,0,15,10,0,0,PE
1,0,1,0,0,1,1,0,0,0,2,0,0,0,0,0,0,0,0,0,0,0,0,0,0,0,2,2,11,0,478,0,8,5,0,0,PE
4,0,0,1,0,2,0,0,0,0,0,0,0,2,0,1,0,0,0,0,0,0,0,0,0,0,15,2,4,0,472,0,12,5,0,0,PE
8,2,2,0,0,5,1,0,0,0,5,1,1,1,0,0,0,0,0,0,0,0,0,0,0,0,5,7,18,0,475,0,12,9,0,0,PE
2,0,1,0,0,1,0,0,0,0,0,0,0,0,0,0,0,0,0,0,0,0,0,0,0,0,6,1,12,0,475,0,8,2,0,0,PE
2,3,0,1,0,2,1,0,0,0,0,0,1,0,0,0,0,0,0,0,0,0,0,0,0,0,2,3,15,0,481,0,7,2,0,0,PE
0,1,0,0,0,0,0,0,0,0,1,1,0,0,0,0,0,0,0,0,0,0,0,0,0,0,0,4,5,0,169,0,2,1,0,0,PE
0,1,0,0,0,0,0,0,0,0,1,1,0,0,0,0,0,0,0,0,0,0,0,0,0,0,0,4,5,0,169,0,2,1,0,0,PE
13,6,1,2,0,6,1,0,0,0,1,0,0,0,0,0,0,0,0,0,0,0,0,0,0,0,4,3,18,0,490,0,14,1,0,0,PE
10,2,0,2,0,3,1,0,0,0,3,0,1,0,0,3,0,0,0,0,0,0,0,0,0,0,2,4,16,0,483,0,11,9,0,0,PE
0,0,0,0,0,1,0,0,0,0,0,0,0,2,0,0,0,0,0,0,0,0,0,0,0,0,7,2,8,0,479,0,3,4,0,0,PE
4,1,0,1,0,2,0,0,1,0,0,0,0,0,0,0,0,0,0,0,0,0,0,0,0,0,5,4,8,0,484,0,8,0,0,0,PE
9,2,2,1,0,5,2,1,0,0,4,0,0,0,0,0,0,0,0,0,0,0,0,0,0,0,4,2,10,0,486,0,15,9,0,0,PE
1,0,0,2,0,0,0,0,0,0,3,0,0,0,0,1,0,0,0,0,0,0,0,0,0,0,10,3,2,0,423,0,12,6,0,0,PE
1,0,1,0,0,2,0,0,1,0,0,1,0,0,0,0,0,0,0,0,0,0,0,0,0,0,5,2,11,0,467,0,18,3,0,0,PE
3,0,0,1,0,1,0,1,0,0,0,0,0,0,0,1,0,0,0,0,0,0,0,0,0,1,1,3,11,0,476,0,9,5,1,0,PE
1,4,1,0,0,0,0,0,0,0,0,0,0,0,0,0,0,0,0,0,0,0,0,0,0,0,3,3,18,0,469,0,11,2,0,0,PE
1,0,0,0,0,1,0,0,0,0,1,0,0,0,0,0,0,0,0,0,0,0,0,0,0,0,2,0,4,0,403,0,15,3,0,0,PE
1,0,0,0,0,1,0,0,0,0,1,0,0,0,0,0,0,0,0,0,0,0,0,0,0,0,2,0,4,0,403,0,15,3,0,0,PE
5,3,0,0,0,2,0,0,0,0,7,1,0,0,0,3,0,0,0,0,0,0,0,0,0,0,5,2,9,0,474,0,15,15,1,0,PE
0,0,0,0,0,5,0,0,0,0,1,0,0,1,0,1,0,0,0,0,0,0,0,0,0,0,7,3,13,0,457,0,19,8,1,0,PE
12,0,1,0,0,5,0,0,0,0,3,1,1,0,0,0,0,0,0,0,0,0,0,0,0,0,3,2,8,0,490,0,14,6,0,0,PE
2,1,0,0,0,0,0,0,0,0,0,0,2,0,0,0,0,0,0,0,0,0,0,0,0,0,1,6,9,0,478,0,5,6,0,0,PE
3,0,1,0,0,0,0,0,0,0,0,1,0,1,0,0,0,0,0,0,0,0,0,0,0,0,5,11,14,0,463,0,7,6,0,0,PE
1,0,0,2,0,0,0,0,0,0,3,0,0,0,0,1,0,0,0,0,0,0,0,0,0,0,10,3,2,0,423,0,12,6,0,0,PE
1,0,0,1,0,1,1,1,0,0,3,0,0,0,0,0,0,0,0,0,0,0,0,0,0,0,1,3,5,0,485,0,8,6,0,0,PE
1,0,0,0,0,0,0,0,0,0,0,0,0,0,0,0,0,0,0,0,0,0,0,0,0,0,0,0,0,0,35,0,2,0,0,0,PE
1,0,0,0,0,0,0,0,0,0,0,0,0,0,0,0,0,0,0,0,0,0,0,0,0,0,0,0,0,0,35,0,2,0,0,0,PE
3,0,0,1,0,4,0,1,0,0,3,0,0,1,0,2,0,0,0,0,0,0,0,0,0,0,6,5,20,0,460,0,14,10,0,0,PE
1,1,1,0,0,1,1,1,0,0,2,0,1,0,0,0,0,0,0,0,0,0,0,0,0,0,2,9,19,0,454,0,14,11,0,0,PE
6,1,0,0,0,6,1,0,0,0,7,0,0,0,0,3,0,0,0,0,0,0,0,0,0,0,2,1,10,0,475,0,19,17,0,0,PE
7,0,0,0,0,9,0,0,0,0,9,0,0,0,0,2,0,0,0,0,1,0,0,0,0,0,3,1,7,0,483,0,17,15,2,0,PE
3,0,0,0,0,3,0,0,0,0,1,0,0,0,0,0,0,0,0,0,0,0,0,0,0,0,2,0,8,0,475,0,17,5,0,0,PE
2,0,0,0,0,1,2,1,0,0,1,0,0,0,0,1,0,0,0,0,0,0,0,0,0,0,1,5,3,0,476,0,14,8,1,0,PE
2,0,0,0,0,1,0,0,0,0,1,0,0,0,0,0,0,0,0,0,0,0,0,0,0,0,0,0,0,0,185,0,7,2,0,0,PE
3,1,0,7,0,2,0,0,3,0,5,0,0,0,0,1,0,0,0,0,0,0,0,0,0,0,13,3,5,0,484,0,10,6,1,0,PE
2,0,0,0,0,1,0,0,0,0,1,0,0,0,0,0,0,0,0,0,0,0,0,0,0,0,0,0,0,0,185,0,7,2,0,0,PE
4,1,1,0,0,5,0,1,0,0,6,1,0,0,0,3,0,0,0,0,0,0,0,0,0,0,1,2,5,0,490,0,13,10,1,0,PE
3,0,0,0,0,5,0,0,0,0,1,1,0,0,0,0,0,0,0,0,0,0,0,0,0,0,1,2,9,0,476,0,16,6,0,0,PE
2,1,0,0,0,2,0,0,0,0,3,1,0,1,0,3,0,0,0,0,1,0,0,0,0,0,6,2,8,0,466,0,18,13,1,0,PE
3,0,1,0,0,4,1,0,0,0,3,1,1,0,0,1,0,0,0,0,0,0,0,0,0,1,1,10,23,0,461,0,14,4,1,0,PE
1,0,3,0,0,0,0,1,0,0,2,0,2,0,0,0,0,0,0,0,0,0,0,0,0,0,5,15,13,0,461,0,7,8,0,0,PE
0,0,0,1,0,1,0,0,0,0,0,0,0,0,0,0,0,0,0,0,0,0,0,0,0,0,1,1,2,0,95,0,2,0,0,0,PE
0,0,0,1,0,1,0,0,0,0,0,0,0,0,0,0,0,0,0,0,0,0,0,0,0,0,1,1,2,0,95,0,2,0,0,0,PE
5,0,3,1,0,5,2,0,0,0,1,0,0,1,0,1,0,0,0,0,0,0,0,0,0,0,2,6,9,0,482,0,14,6,0,0,PE
6,0,1,1,0,4,2,2,0,0,3,0,0,0,0,1,0,0,0,0,0,0,0,0,0,0,2,8,12,0,471,0,20,7,0,0,PE
2,0,0,0,0,1,1,0,0,0,4,1,0,1,0,1,0,0,0,0,0,0,0,0,0,0,6,2,9,0,468,0,10,16,0,0,PE
1,0,0,0,0,2,0,0,0,0,0,0,0,1,0,0,0,0,0,0,0,0,0,0,0,0,4,3,11,0,469,0,9,8,0,0,PE
0,1,0,0,0,1,0,0,0,0,1,0,0,0,0,0,0,0,0,0,0,0,0,0,0,0,5,4,14,0,471,0,4,4,1,0,PE
0,0,0,0,0,2,0,0,0,0,2,0,0,0,0,0,0,0,0,0,0,0,0,0,0,0,3,2,11,0,470,0,9,9,0,0,PE
0,0,0,0,0,0,0,0,0,0,2,0,0,0,0,0,0,0,0,0,0,0,0,0,0,0,0,0,0,0,19,0,0,2,0,0,PE
0,0,0,0,0,0,0,0,0,0,2,0,0,0,0,0,0,0,0,0,0,0,0,0,0,0,0,0,0,0,19,0,0,2,0,0,PE
5,3,0,0,0,14,0,1,0,0,4,0,0,0,0,1,0,0,0,0,0,0,0,0,0,0,1,4,9,0,476,0,26,12,0,0,PE
3,1,0,0,0,1,0,1,0,0,2,0,0,0,0,0,0,0,0,0,0,0,0,0,0,0,1,3,9,0,357,0,12,3,0,0,PE
3,1,0,0,0,1,0,1,0,0,2,0,0,0,0,0,0,0,0,0,0,0,0,0,0,0,1,3,9,0,357,0,12,3,0,0,PE
2,0,0,0,0,0,0,0,0,0,0,0,0,0,0,0,0,0,0,0,0,0,0,0,0,0,0,2,11,0,483,0,3,3,0,0,PE
5,1,0,0,1,0,2,0,0,0,2,0,0,0,0,1,0,0,0,0,0,0,0,0,0,0,2,3,9,0,477,0,9,11,1,0,PE
9,3,0,0,0,4,1,0,0,0,3,0,0,0,0,3,0,0,0,0,0,0,0,0,0,0,2,1,10,0,488,0,11,10,1,0,PE
4,0,0,0,0,1,0,0,0,0,1,0,0,0,0,0,0,0,0,0,0,0,0,0,0,0,7,2,10,0,469,0,9,9,0,0,PE
2,3,2,0,0,1,0,0,0,0,1,0,0,0,0,0,0,0,0,0,0,0,0,0,0,0,3,3,17,0,471,0,12,3,0,0,PE
8,1,0,2,0,5,0,0,0,0,4,2,1,0,0,1,0,0,0,0,0,0,0,0,0,0,3,6,17,0,474,0,11,13,0,0,PE
3,1,0,0,0,2,0,0,0,1,3,0,0,0,0,0,0,0,0,0,0,0,0,0,0,0,10,1,13,0,461,0,12,12,1,0,PE
1,1,0,1,0,0,0,0,0,0,1,0,0,0,0,0,0,0,0,0,0,0,0,0,0,0,1,5,13,0,474,0,8,3,0,0,PE
1,0,0,0,0,0,0,0,0,0,0,0,0,0,0,0,0,0,0,0,0,0,0,0,0,0,0,0,0,0,6,0,0,0,0,0,PE
1,0,0,0,0,0,0,0,0,0,0,0,0,0,0,0,0,0,0,0,0,0,0,0,0,0,0,0,0,0,6,0,0,0,0,0,PE
7,0,1,2,0,3,0,0,0,0,4,1,0,1,0,2,0,0,0,0,0,0,0,0,0,0,3,4,9,0,480,0,11,14,0,0,PE
1,1,0,0,0,1,1,0,0,0,0,0,0,0,0,0,0,0,0,0,0,0,0,0,0,0,0,1,22,0,468,0,12,1,0,0,PE
1,1,0,1,0,2,0,0,0,0,1,0,0,0,0,1,0,0,0,0,0,0,0,0,0,0,1,1,13,0,474,0,11,4,3,0,PE
2,0,0,0,0,1,0,0,0,0,1,1,0,0,0,0,0,0,0,0,0,0,0,0,0,0,5,3,12,0,469,0,7,9,0,0,PE
2,0,3,0,0,1,0,0,0,0,0,0,0,0,0,0,0,0,0,0,0,0,0,0,0,0,4,4,12,0,471,0,10,5,0,0,PE
6,0,0,1,1,0,0,0,0,0,3,0,0,0,0,0,0,0,0,0,0,0,0,0,0,0,5,6,8,0,475,0,8,8,1,0,PE
3,0,0,2,1,2,0,0,1,0,0,0,0,1,0,0,0,0,0,0,0,0,0,0,0,0,14,4,12,0,467,0,10,3,0,0,PE
0,1,0,0,0,0,0,0,0,0,1,0,0,0,0,0,0,0,0,0,0,0,0,0,0,0,1,0,9,0,139,0,3,3,0,0,PE
0,1,0,0,0,0,0,0,0,0,1,0,0,0,0,0,0,0,0,0,0,0,0,0,0,0,1,0,9,0,139,0,3,3,0,0,PE
4,1,0,0,0,2,1,1,0,0,1,0,0,1,0,0,0,0,0,0,0,0,0,0,0,0,7,5,16,0,457,0,18,8,0,0,PE
1,1,1,1,0,2,0,0,0,0,2,1,0,0,0,1,0,0,0,0,0,0,0,0,0,1,9,7,11,0,460,0,11,9,2,0,PE
9,1,1,1,0,11,0,1,1,0,4,0,0,0,0,0,0,0,0,0,0,0,0,0,0,0,2,7,3,0,497,0,17,3,0,0,PE
2,0,1,0,0,0,0,0,0,0,0,0,0,0,0,0,0,0,0,0,0,0,0,0,0,0,1,13,17,0,467,0,4,1,0,0,PE
1,0,0,1,0,0,0,0,0,0,0,1,0,1,0,0,0,0,0,0,0,0,0,0,0,0,6,8,8,0,468,0,6,8,0,0,PE
0,0,1,0,0,1,0,0,0,0,0,0,1,0,0,0,0,0,0,0,0,0,0,0,0,0,1,7,8,0,472,0,13,2,0,0,PE
1,0,0,0,0,1,0,0,0,0,1,0,0,0,0,0,0,0,0,0,0,0,0,0,0,0,2,4,8,0,475,0,9,4,1,0,PE
2,0,1,0,0,0,0,0,0,0,1,0,0,0,0,0,0,0,0,0,0,0,0,0,0,0,0,16,8,0,472,0,7,1,0,0,PE
3,0,1,0,0,0,0,0,1,0,0,0,0,0,0,0,0,0,0,0,0,0,0,0,0,0,2,9,9,0,418,0,3,3,1,0,PE
3,0,1,0,0,0,0,0,1,0,0,0,0,0,0,0,0,0,0,0,0,0,0,0,0,0,2,9,9,0,418,0,3,3,1,0,PE
6,3,1,1,0,3,0,1,0,0,4,0,0,0,0,0,0,0,0,0,0,0,0,0,0,0,3,18,12,0,462,0,14,10,0,0,PE
1,0,2,0,0,1,0,0,0,0,1,0,0,0,0,0,0,0,0,0,0,0,0,0,0,0,4,12,8,0,464,0,12,5,0,0,PE
1,0,1,0,0,1,1,0,0,0,3,0,0,0,0,0,0,0,0,0,0,0,0,0,0,0,5,13,9,0,460,0,15,5,0,0,PE
5,1,0,0,0,6,2,0,0,1,10,1,1,0,0,1,0,0,0,0,0,0,0,0,0,0,4,6,12,0,471,0,17,18,0,0,PE
2,1,1,0,0,4,1,0,0,0,1,0,1,0,0,0,0,0,0,0,0,0,0,0,0,0,3,5,16,0,459,0,18,10,0,0,PE
1,1,0,0,0,2,0,0,0,0,0,1,0,0,0,0,0,0,0,0,0,0,0,0,0,0,4,3,10,0,477,0,7,4,0,0,PE
0,1,0,0,0,0,0,0,1,0,1,0,0,0,0,0,0,0,0,0,0,0,0,0,0,0,3,2,3,0,313,0,8,7,0,0,PE
1,1,0,0,0,1,0,0,0,0,1,0,1,0,0,0,0,0,0,0,0,0,0,0,0,0,5,5,11,0,464,0,10,10,0,0,PE
0,1,0,0,0,0,0,0,1,0,1,0,0,0,0,0,0,0,0,0,0,0,0,0,0,0,3,2,3,0,313,0,8,7,0,0,PE
5,1,0,2,0,8,0,0,0,0,9,0,2,0,0,1,0,0,0,0,0,0,0,0,0,0,5,3,15,0,477,0,13,15,0,0,PE
0,0,0,0,0,2,0,0,0,0,0,0,0,0,0,0,0,0,0,0,0,0,0,0,0,0,0,3,16,0,468,0,10,5,0,0,PE
0,0,0,1,0,1,1,0,0,0,3,0,0,0,0,0,0,0,0,0,0,0,0,0,0,0,5,1,14,0,471,0,7,8,0,0,PE
4,3,0,1,0,1,0,0,0,0,3,0,0,0,0,3,0,0,0,0,0,0,0,0,0,0,4,1,8,0,485,0,10,7,0,0,PE
4,0,0,0,0,2,0,0,2,0,0,0,1,0,0,1,0,0,0,0,0,0,0,0,0,0,4,2,14,0,465,0,22,3,0,0,PE
0,0,0,1,0,0,0,0,0,0,0,0,0,0,0,0,0,0,0,0,0,0,0,0,0,0,1,0,0,0,13,0,0,0,0,0,PE
0,0,0,1,0,0,0,0,0,0,0,0,0,0,0,0,0,0,0,0,0,0,0,0,0,0,1,0,0,0,13,0,0,0,0,0,PE
4,1,2,0,0,4,0,0,0,0,2,0,0,0,0,0,0,0,0,0,0,0,0,0,0,0,2,5,11,0,478,0,15,2,0,0,PE
8,2,1,0,0,4,0,0,0,0,5,0,0,0,0,3,0,0,0,0,0,0,0,0,0,0,5,8,7,0,481,0,14,8,0,0,PE
2,0,0,0,0,1,0,1,0,0,0,0,0,0,0,0,0,1,0,0,0,0,0,0,0,0,3,4,12,0,202,0,4,4,0,0,PE
1,0,0,1,0,1,0,0,0,0,1,1,0,1,0,1,0,0,0,0,0,0,0,0,0,0,6,7,14,0,461,0,11,8,0,0,PE
0,0,0,0,0,0,1,0,0,0,2,0,0,0,0,1,0,0,0,0,0,0,0,0,0,0,7,6,17,0,457,0,5,11,1,0,PE
4,2,2,1,0,4,0,0,0,0,2,0,0,1,0,1,1,0,0,0,0,0,0,0,0,0,6,5,18,0,459,0,18,12,0,0,PE
1,1,0,0,0,1,0,0,0,0,0,0,0,0,0,0,0,0,0,0,0,0,0,0,0,0,1,2,7,0,189,0,1,0,0,0,PE
1,1,0,0,0,1,0,0,0,0,0,0,0,0,0,0,0,0,0,0,0,0,0,0,0,0,1,2,7,0,189,0,1,0,0,0,PE
2,0,0,0,0,1,0,0,0,0,1,2,0,0,0,1,0,0,0,0,0,0,0,0,0,0,2,6,20,0,460,0,11,8,0,0,PE
5,3,0,0,0,0,0,0,0,0,3,0,1,0,0,0,0,0,0,0,0,0,0,0,0,0,4,6,14,0,469,0,13,6,0,0,PE
10,3,1,1,0,2,2,1,0,0,1,0,0,0,0,1,0,0,0,0,0,0,0,0,0,0,5,5,22,0,468,0,15,7,0,0,PE
0,0,0,1,0,1,0,0,0,0,0,0,1,0,0,0,0,0,0,0,0,0,0,0,0,0,4,5,23,0,456,0,10,5,0,0,PE
0,1,0,0,0,0,0,0,1,0,1,0,0,0,0,0,0,0,0,0,0,0,0,0,0,0,7,7,21,0,462,0,4,2,0,0,PE
2,0,0,0,0,1,0,1,0,0,0,0,0,0,0,0,0,1,0,0,0,0,0,0,0,0,3,4,12,0,202,0,4,4,0,0,PE
2,1,0,0,0,0,0,0,0,0,0,0,0,0,0,0,0,0,0,0,0,0,0,0,0,0,3,4,15,0,467,0,11,2,1,0,PE
0,1,0,0,0,2,0,0,0,0,1,0,1,0,0,0,0,0,0,0,0,0,0,0,0,0,5,7,15,0,423,0,9,10,0,0,PE
0,1,0,0,0,2,0,0,0,0,1,0,1,0,0,0,0,0,0,0,0,0,0,0,0,0,5,7,15,0,423,0,9,10,0,0,PE
3,1,1,0,0,5,1,0,0,0,1,1,0,1,0,5,0,0,0,0,0,0,0,0,0,0,2,3,20,0,468,0,12,11,3,0,PE
9,1,4,2,0,3,1,0,0,0,6,0,0,1,0,0,0,0,0,0,0,0,0,0,0,0,5,4,12,0,480,0,18,8,0,0,PE
1,0,0,0,0,0,0,0,0,0,0,0,0,0,0,0,0,0,0,0,0,0,0,0,0,0,1,6,19,0,467,0,5,3,0,0,PE
0,0,0,1,0,0,1,0,0,0,2,1,0,0,0,0,0,0,0,0,0,0,0,0,0,0,1,2,15,0,463,0,13,11,0,0,PE
1,0,1,0,0,0,0,0,0,0,1,0,0,2,0,0,0,0,0,0,0,0,0,0,0,0,5,5,20,0,455,0,9,11,0,0,PE
0,1,0,0,1,0,0,0,0,0,0,0,0,0,0,0,0,0,0,0,0,0,0,0,0,0,2,2,16,0,153,0,1,0,0,0,PE
0,1,0,0,1,0,0,0,0,0,0,0,0,0,0,0,0,0,0,0,0,0,0,0,0,0,2,2,16,0,153,0,1,0,0,0,PE
3,1,0,1,0,3,0,0,0,0,3,2,0,1,0,1,0,0,0,0,0,0,0,0,0,0,3,8,15,0,472,0,7,10,0,0,PE
3,4,1,1,0,3,0,0,0,0,3,0,0,0,0,1,0,0,0,0,0,0,0,0,0,0,2,7,12,0,479,0,7,9,0,0,PE
1,3,0,0,0,1,0,0,0,0,2,0,1,0,0,0,0,0,0,0,0,0,0,0,0,0,5,3,8,0,479,0,7,5,1,0,PE
3,1,0,0,0,5,0,0,0,0,3,1,1,0,0,0,0,0,0,0,0,0,0,0,0,0,3,4,17,0,480,0,6,4,0,0,PE
4,2,0,0,1,5,2,0,0,0,2,0,0,0,0,0,0,0,0,0,0,0,0,0,0,0,5,7,11,0,476,0,10,7,0,0,PE
4,2,0,0,0,3,0,0,0,0,2,0,0,0,0,0,0,0,0,0,0,0,0,0,0,0,4,7,11,0,475,0,9,5,0,0,PE
2,0,0,0,0,2,0,0,0,0,1,1,0,0,0,0,0,0,0,0,0,0,0,0,0,0,4,6,16,0,464,0,8,8,0,0,PE
0,0,0,0,0,1,0,0,0,0,0,0,0,0,0,0,0,0,0,0,0,0,0,0,0,0,2,0,1,0,77,0,1,1,0,0,PE
0,0,0,0,0,1,0,0,0,0,0,0,0,0,0,0,0,0,0,0,0,0,0,0,0,0,2,0,1,0,77,0,1,1,0,0,PE
8,2,0,1,0,2,2,0,0,0,2,1,0,0,0,0,0,0,0,0,0,0,0,0,0,0,3,5,14,0,467,0,21,8,0,0,PE
9,1,0,0,0,9,0,0,0,0,7,2,0,0,0,2,0,0,0,0,0,0,0,0,0,0,1,2,9,0,482,0,23,12,1,0,PE
2,2,0,1,0,1,0,0,1,0,0,0,0,0,0,0,0,0,0,0,0,0,0,0,0,1,3,9,17,0,712,0,14,9,0,0,PE
2,0,0,0,0,0,1,0,0,0,0,0,0,0,0,0,0,0,0,0,0,0,0,0,0,0,0,1,3,0,216,0,6,1,0,0,P
2,2,0,1,0,1,0,0,1,0,0,0,0,0,0,0,0,0,0,0,0,0,0,0,0,1,3,9,17,0,712,0,14,9,0,0,PE
