@relation sentiment

@attribute "1,-1" numeric
@attribute "1,-2" numeric
@attribute "1,-3" numeric
@attribute "1,-4" numeric
@attribute "1,-5" numeric
@attribute "2,-1" numeric
@attribute "2,-2" numeric
@attribute "2,-3" numeric
@attribute "2,-4" numeric
@attribute "2,-5" numeric
@attribute "3,-1" numeric
@attribute "3,-2" numeric
@attribute "3,-3" numeric
@attribute "3,-4" numeric
@attribute "3,-5" numeric
@attribute "4,-1" numeric
@attribute "4,-2" numeric
@attribute "4,-3" numeric
@attribute "4,-4" numeric
@attribute "4,-5" numeric
@attribute "5,-1" numeric
@attribute "5,-2" numeric
@attribute "5,-3" numeric
@attribute "5,-4" numeric
@attribute "5,-5" numeric
@attribute classification {P, PE}

@data
0.0,0.0,0.0,0.1905,0.0952,0.4286,0.2381,0.0,0.0,0.0,0.0,0.0,0.0,0.0476,0.0,0.0,0.0,0.0,0.0,0.0,0.0,0.0,0.0,0.0,0.0,PE
0.0,0.0,0.0,0.0323,0.0,0.6452,0.2258,0.0,0.0,0.0,0.0,0.0,0.0645,0.0323,0.0,0.0,0.0,0.0,0.0,0.0,0.0,0.0,0.0,0.0,0.0,P
0.0,0.0,0.0,0.0,0.0,0.9737,0.0263,0.0,0.0,0.0,0.0,0.0,0.0,0.0,0.0,0.0,0.0,0.0,0.0,0.0,0.0,0.0,0.0,0.0,0.0,P
0.0,0.0,0.0,0.0,0.0,1.0,0.0,0.0,0.0,0.0,0.0,0.0,0.0,0.0,0.0,0.0,0.0,0.0,0.0,0.0,0.0,0.0,0.0,0.0,0.0,P
0.0,0.0,0.0,0.0357,0.0357,0.6429,0.1786,0.0714,0.0,0.0,0.0,0.0,0.0357,0.0,0.0,0.0,0.0,0.0,0.0,0.0,0.0,0.0,0.0,0.0,0.0,P
0.0,0.0,0.0,0.0,0.0,0.0,0.0,0.0,0.0,0.0,0.0,0.0,0.0,0.0,0.0,0.0,0.0,0.0,0.0,0.0,0.0,0.0,0.0,0.0,0.0,P
0.0,0.0,0.0,0.0,0.0,0.0,0.0,0.0,0.0,0.0,0.0,0.0,0.0,0.0,0.0,0.0,0.0,0.0,0.0,0.0,0.0,0.0,0.0,0.0,0.0,P
0.0,0.0,0.0,0.0727,0.0,0.5091,0.2182,0.1091,0.0,0.0,0.0,0.0,0.0545,0.0364,0.0,0.0,0.0,0.0,0.0,0.0,0.0,0.0,0.0,0.0,0.0,P
0.0,0.0,0.0,0.0,0.0,0.6667,0.3333,0.0,0.0,0.0,0.0,0.0,0.0,0.0,0.0,0.0,0.0,0.0,0.0,0.0,0.0,0.0,0.0,0.0,0.0,P
0.0,0.0,0.0,0.0,0.0,0.76,0.16,0.08,0.0,0.0,0.0,0.0,0.0,0.0,0.0,0.0,0.0,0.0,0.0,0.0,0.0,0.0,0.0,0.0,0.0,P
0.0,0.0,0.0,0.0,0.0,0.7895,0.1579,0.0,0.0,0.0,0.0,0.0,0.0526,0.0,0.0,0.0,0.0,0.0,0.0,0.0,0.0,0.0,0.0,0.0,0.0,P
0.0,0.0,0.0,0.0,0.0,0.8065,0.129,0.0645,0.0,0.0,0.0,0.0,0.0,0.0,0.0,0.0,0.0,0.0,0.0,0.0,0.0,0.0,0.0,0.0,0.0,P
0.0,0.0,0.0,0.1538,0.0,0.3846,0.3077,0.0,0.0,0.0,0.0,0.0,0.1538,0.0,0.0,0.0,0.0,0.0,0.0,0.0,0.0,0.0,0.0,0.0,0.0,P
0.0,0.0,0.0,0.0,0.0,0.5,0.4,0.0,0.0,0.0,0.0,0.0,0.0,0.1,0.0,0.0,0.0,0.0,0.0,0.0,0.0,0.0,0.0,0.0,0.0,P
0.0,0.0,0.0,0.0,0.0,0.9286,0.0714,0.0,0.0,0.0,0.0,0.0,0.0,0.0,0.0,0.0,0.0,0.0,0.0,0.0,0.0,0.0,0.0,0.0,0.0,P
0.0,0.0,0.0,0.0,0.0,0.5,0.375,0.125,0.0,0.0,0.0,0.0,0.0,0.0,0.0,0.0,0.0,0.0,0.0,0.0,0.0,0.0,0.0,0.0,0.0,P
0.0,0.0,0.0,0.0,0.0,0.5556,0.4444,0.0,0.0,0.0,0.0,0.0,0.0,0.0,0.0,0.0,0.0,0.0,0.0,0.0,0.0,0.0,0.0,0.0,0.0,P
0.0,0.0,0.0,0.0,0.0,0.5,0.0,0.0,0.0,0.0,0.0,0.0,0.0,0.25,0.25,0.0,0.0,0.0,0.0,0.0,0.0,0.0,0.0,0.0,0.0,P
0.0,0.0,0.0,0.0,0.0,1.0,0.0,0.0,0.0,0.0,0.0,0.0,0.0,0.0,0.0,0.0,0.0,0.0,0.0,0.0,0.0,0.0,0.0,0.0,0.0,P
0.0,0.0,0.0,0.0,0.0,1.0,0.0,0.0,0.0,0.0,0.0,0.0,0.0,0.0,0.0,0.0,0.0,0.0,0.0,0.0,0.0,0.0,0.0,0.0,0.0,P
0.0,0.0,0.0,0.0,0.0,0.0,0.0,0.0,0.0,0.0,0.0,0.0,0.0,0.0,0.0,0.0,0.0,0.0,0.0,0.0,0.0,0.0,0.0,0.0,0.0,P
0.0,0.0,0.0,0.0417,0.0,0.875,0.0833,0.0,0.0,0.0,0.0,0.0,0.0,0.0,0.0,0.0,0.0,0.0,0.0,0.0,0.0,0.0,0.0,0.0,0.0,P
0.0,0.0,0.0,0.125,0.0,0.75,0.125,0.0,0.0,0.0,0.0,0.0,0.0,0.0,0.0,0.0,0.0,0.0,0.0,0.0,0.0,0.0,0.0,0.0,0.0,P
0.0,0.0,0.0,0.062,0.0,0.7829,0.1008,0.0155,0.0,0.0,0.0,0.0,0.031,0.0078,0.0,0.0,0.0,0.0,0.0,0.0,0.0,0.0,0.0,0.0,0.0,P
0.0,0.0,0.0,0.0,0.0,0.0,0.0,0.0,0.0,0.0,0.0,0.0,0.0,0.0,0.0,0.0,0.0,0.0,0.0,0.0,0.0,0.0,0.0,0.0,0.0,P
0.0,0.0,0.0,0.1667,0.0,0.6667,0.0,0.1667,0.0,0.0,0.0,0.0,0.0,0.0,0.0,0.0,0.0,0.0,0.0,0.0,0.0,0.0,0.0,0.0,0.0,P
0.0,0.0,0.0,0.0,0.0,1.0,0.0,0.0,0.0,0.0,0.0,0.0,0.0,0.0,0.0,0.0,0.0,0.0,0.0,0.0,0.0,0.0,0.0,0.0,0.0,P
0.0,0.0,0.0,0.1667,0.0,0.6667,0.1667,0.0,0.0,0.0,0.0,0.0,0.0,0.0,0.0,0.0,0.0,0.0,0.0,0.0,0.0,0.0,0.0,0.0,0.0,P
0.0,0.0,0.0,0.0,0.0,0.7037,0.2222,0.037,0.0,0.0,0.0,0.0,0.037,0.0,0.0,0.0,0.0,0.0,0.0,0.0,0.0,0.0,0.0,0.0,0.0,P
0.0,0.0,0.0,0.037,0.0,0.5741,0.2222,0.1296,0.0,0.0,0.0,0.0,0.0185,0.0185,0.0,0.0,0.0,0.0,0.0,0.0,0.0,0.0,0.0,0.0,0.0,P
0.0,0.0,0.0,0.0,0.0,1.0,0.0,0.0,0.0,0.0,0.0,0.0,0.0,0.0,0.0,0.0,0.0,0.0,0.0,0.0,0.0,0.0,0.0,0.0,0.0,P
0.0,0.0,0.0,0.0,0.0,0.8158,0.0526,0.0526,0.0,0.0,0.0,0.0,0.0526,0.0263,0.0,0.0,0.0,0.0,0.0,0.0,0.0,0.0,0.0,0.0,0.0,P
0.0,0.0,0.0,0.0,0.0,0.6,0.4,0.0,0.0,0.0,0.0,0.0,0.0,0.0,0.0,0.0,0.0,0.0,0.0,0.0,0.0,0.0,0.0,0.0,0.0,P
0.0,0.0,0.0,0.0,0.0,1.0,0.0,0.0,0.0,0.0,0.0,0.0,0.0,0.0,0.0,0.0,0.0,0.0,0.0,0.0,0.0,0.0,0.0,0.0,0.0,P
0.0,0.0,0.0,0.037,0.0,0.4444,0.4444,0.037,0.0,0.0,0.0,0.0,0.0,0.037,0.0,0.0,0.0,0.0,0.0,0.0,0.0,0.0,0.0,0.0,0.0,P
0.0,0.0,0.0,0.2857,0.0,0.5714,0.0714,0.0,0.0,0.0,0.0,0.0,0.0714,0.0,0.0,0.0,0.0,0.0,0.0,0.0,0.0,0.0,0.0,0.0,0.0,P
0.0,0.0,0.0,0.0,0.0,0.7778,0.2222,0.0,0.0,0.0,0.0,0.0,0.0,0.0,0.0,0.0,0.0,0.0,0.0,0.0,0.0,0.0,0.0,0.0,0.0,P
0.0,0.0,0.0,0.0,0.0,0.8667,0.0667,0.0,0.0,0.0,0.0,0.0,0.0,0.0667,0.0,0.0,0.0,0.0,0.0,0.0,0.0,0.0,0.0,0.0,0.0,P
0.0,0.0,0.0,0.0,0.0,1.0,0.0,0.0,0.0,0.0,0.0,0.0,0.0,0.0,0.0,0.0,0.0,0.0,0.0,0.0,0.0,0.0,0.0,0.0,0.0,P
0.0,0.0,0.0,0.0294,0.0,0.6176,0.1471,0.0882,0.0,0.0,0.0,0.0,0.0882,0.0,0.0294,0.0,0.0,0.0,0.0,0.0,0.0,0.0,0.0,0.0,0.0,P
0.0,0.0,0.0,0.0645,0.0,0.5484,0.2581,0.0645,0.0,0.0,0.0,0.0,0.0645,0.0,0.0,0.0,0.0,0.0,0.0,0.0,0.0,0.0,0.0,0.0,0.0,P
0.0,0.0,0.0,0.0,0.0,0.68,0.08,0.12,0.0,0.0,0.0,0.0,0.12,0.0,0.0,0.0,0.0,0.0,0.0,0.0,0.0,0.0,0.0,0.0,0.0,P
0.0,0.0,0.0,0.0488,0.0,0.561,0.122,0.1707,0.0,0.0,0.0,0.0,0.0976,0.0,0.0,0.0,0.0,0.0,0.0,0.0,0.0,0.0,0.0,0.0,0.0,P
0.0,0.0,0.0,0.0968,0.0,0.7419,0.0968,0.0,0.0,0.0,0.0,0.0,0.0323,0.0323,0.0,0.0,0.0,0.0,0.0,0.0,0.0,0.0,0.0,0.0,0.0,P
0.0,0.0,0.0,0.04,0.0,0.68,0.12,0.12,0.0,0.0,0.0,0.0,0.04,0.0,0.0,0.0,0.0,0.0,0.0,0.0,0.0,0.0,0.0,0.0,0.0,P
0.0,0.0,0.0,0.0541,0.0,0.6216,0.2973,0.0,0.0,0.0,0.0,0.0,0.0,0.027,0.0,0.0,0.0,0.0,0.0,0.0,0.0,0.0,0.0,0.0,0.0,P
0.0,0.0,0.0,0.037,0.0,0.6481,0.2778,0.0185,0.0,0.0,0.0,0.0,0.0,0.0185,0.0,0.0,0.0,0.0,0.0,0.0,0.0,0.0,0.0,0.0,0.0,P
0.0,0.0,0.0,0.0,0.0,1.0,0.0,0.0,0.0,0.0,0.0,0.0,0.0,0.0,0.0,0.0,0.0,0.0,0.0,0.0,0.0,0.0,0.0,0.0,0.0,P
0.0,0.0,0.0,0.2,0.0,0.2,0.6,0.0,0.0,0.0,0.0,0.0,0.0,0.0,0.0,0.0,0.0,0.0,0.0,0.0,0.0,0.0,0.0,0.0,0.0,P
0.0,0.0,0.0,0.0476,0.0,0.381,0.381,0.1429,0.0,0.0,0.0,0.0,0.0476,0.0,0.0,0.0,0.0,0.0,0.0,0.0,0.0,0.0,0.0,0.0,0.0,P
0.0,0.0,0.0,0.125,0.0,0.625,0.0,0.25,0.0,0.0,0.0,0.0,0.0,0.0,0.0,0.0,0.0,0.0,0.0,0.0,0.0,0.0,0.0,0.0,0.0,P
0.0,0.0,0.0,0.0455,0.0,0.7727,0.0,0.0909,0.0,0.0,0.0,0.0,0.0909,0.0,0.0,0.0,0.0,0.0,0.0,0.0,0.0,0.0,0.0,0.0,0.0,PE
0.0,0.0,0.0,0.0909,0.0,0.5455,0.0455,0.0,0.0,0.0,0.0,0.0,0.0909,0.2273,0.0,0.0,0.0,0.0,0.0,0.0,0.0,0.0,0.0,0.0,0.0,PE
0.0,0.0,0.0,0.05,0.0,0.6,0.1,0.0,0.0,0.0,0.0,0.0,0.05,0.2,0.0,0.0,0.0,0.0,0.0,0.0,0.0,0.0,0.0,0.0,0.0,PE
0.0,0.0,0.0,0.08,0.0,0.76,0.04,0.04,0.0,0.0,0.0,0.0,0.04,0.04,0.0,0.0,0.0,0.0,0.0,0.0,0.0,0.0,0.0,0.0,0.0,PE
0.0,0.0,0.0,0.2059,0.0,0.4706,0.1471,0.0,0.0,0.0,0.0,0.0,0.0294,0.1176,0.0294,0.0,0.0,0.0,0.0,0.0,0.0,0.0,0.0,0.0,0.0,PE
0.0,0.0,0.0,0.375,0.0417,0.4167,0.0833,0.0,0.0,0.0,0.0,0.0,0.0,0.0833,0.0,0.0,0.0,0.0,0.0,0.0,0.0,0.0,0.0,0.0,0.0,PE
0.0,0.0,0.0,0.12,0.0,0.64,0.04,0.08,0.0,0.0,0.0,0.0,0.04,0.08,0.0,0.0,0.0,0.0,0.0,0.0,0.0,0.0,0.0,0.0,0.0,PE
0.0,0.0,0.0,0.0455,0.0,0.6818,0.1364,0.0455,0.0,0.0,0.0,0.0,0.0909,0.0,0.0,0.0,0.0,0.0,0.0,0.0,0.0,0.0,0.0,0.0,0.0,PE
0.0,0.0,0.0,0.2105,0.0,0.5789,0.0526,0.0,0.0,0.0,0.0,0.0,0.1579,0.0,0.0,0.0,0.0,0.0,0.0,0.0,0.0,0.0,0.0,0.0,0.0,PE
0.0,0.0,0.0,0.1111,0.0,0.7222,0.0556,0.0,0.0,0.0,0.0,0.0,0.0,0.1111,0.0,0.0,0.0,0.0,0.0,0.0,0.0,0.0,0.0,0.0,0.0,PE
0.0,0.0,0.0,0.1667,0.0,0.4167,0.1667,0.0833,0.0,0.0,0.0,0.0,0.1667,0.0,0.0,0.0,0.0,0.0,0.0,0.0,0.0,0.0,0.0,0.0,0.0,PE
0.0,0.0,0.0,0.1579,0.0526,0.4211,0.1579,0.0,0.0,0.0,0.0,0.0,0.0,0.2105,0.0,0.0,0.0,0.0,0.0,0.0,0.0,0.0,0.0,0.0,0.0,PE
0.0,0.0,0.0,0.04,0.04,0.76,0.08,0.0,0.0,0.0,0.0,0.0,0.08,0.0,0.0,0.0,0.0,0.0,0.0,0.0,0.0,0.0,0.0,0.0,0.0,PE
0.0,0.0,0.0,0.05,0.0,0.85,0.1,0.0,0.0,0.0,0.0,0.0,0.0,0.0,0.0,0.0,0.0,0.0,0.0,0.0,0.0,0.0,0.0,0.0,0.0,PE
0.0,0.0,0.0,0.04,0.0,0.6,0.16,0.04,0.0,0.0,0.0,0.0,0.12,0.04,0.0,0.0,0.0,0.0,0.0,0.0,0.0,0.0,0.0,0.0,0.0,PE
0.0,0.0,0.0,0.1786,0.0,0.6429,0.1429,0.0357,0.0,0.0,0.0,0.0,0.0,0.0,0.0,0.0,0.0,0.0,0.0,0.0,0.0,0.0,0.0,0.0,0.0,PE
0.0,0.0,0.0,0.1026,0.0256,0.5641,0.1538,0.0769,0.0,0.0,0.0,0.0,0.0513,0.0256,0.0,0.0,0.0,0.0,0.0,0.0,0.0,0.0,0.0,0.0,0.0,PE
0.0,0.0,0.0,0.087,0.0,0.5652,0.087,0.1304,0.0,0.0,0.0,0.0,0.087,0.0,0.0435,0.0,0.0,0.0,0.0,0.0,0.0,0.0,0.0,0.0,0.0,PE
0.0,0.0,0.0,0.0645,0.0,0.5484,0.129,0.129,0.0,0.0,0.0,0.0,0.0645,0.0645,0.0,0.0,0.0,0.0,0.0,0.0,0.0,0.0,0.0,0.0,0.0,PE
0.0,0.0,0.0,0.0,0.0,0.6923,0.1538,0.0385,0.0,0.0,0.0,0.0,0.0769,0.0385,0.0,0.0,0.0,0.0,0.0,0.0,0.0,0.0,0.0,0.0,0.0,PE
0.0,0.0,0.0,0.1111,0.0,0.5,0.2222,0.0556,0.0,0.0,0.0,0.0,0.0556,0.0556,0.0,0.0,0.0,0.0,0.0,0.0,0.0,0.0,0.0,0.0,0.0,PE
0.0,0.0,0.0,0.15,0.0,0.675,0.05,0.0,0.0,0.0,0.0,0.0,0.025,0.1,0.0,0.0,0.0,0.0,0.0,0.0,0.0,0.0,0.0,0.0,0.0,PE
0.0,0.0,0.0,0.2667,0.0333,0.4333,0.0333,0.0,0.0,0.0,0.0,0.0,0.1,0.1333,0.0,0.0,0.0,0.0,0.0,0.0,0.0,0.0,0.0,0.0,0.0,PE
0.0,0.0,0.0,0.2143,0.0,0.5357,0.1429,0.0,0.0,0.0,0.0,0.0,0.0,0.1071,0.0,0.0,0.0,0.0,0.0,0.0,0.0,0.0,0.0,0.0,0.0,PE
0.0,0.0,0.0,0.0667,0.0333,0.6667,0.2,0.0,0.0,0.0,0.0,0.0,0.0333,0.0,0.0,0.0,0.0,0.0,0.0,0.0,0.0,0.0,0.0,0.0,0.0,PE
0.0,0.0,0.0,0.0357,0.0,0.6429,0.0357,0.0357,0.0,0.0,0.0,0.0,0.0714,0.1429,0.0357,0.0,0.0,0.0,0.0,0.0,0.0,0.0,0.0,0.0,0.0,PE
0.0,0.0,0.0,0.1429,0.0,0.5238,0.1429,0.0952,0.0,0.0,0.0,0.0,0.0,0.0952,0.0,0.0,0.0,0.0,0.0,0.0,0.0,0.0,0.0,0.0,0.0,PE
0.0,0.0,0.0,0.0833,0.0,0.875,0.0417,0.0,0.0,0.0,0.0,0.0,0.0,0.0,0.0,0.0,0.0,0.0,0.0,0.0,0.0,0.0,0.0,0.0,0.0,PE
0.0,0.0,0.0,0.1667,0.0,0.5,0.1667,0.0833,0.0,0.0,0.0,0.0,0.0833,0.0,0.0,0.0,0.0,0.0,0.0,0.0,0.0,0.0,0.0,0.0,0.0,PE
0.0,0.0,0.0,0.1538,0.0,0.5769,0.0769,0.0,0.0,0.0,0.0,0.0,0.1538,0.0385,0.0,0.0,0.0,0.0,0.0,0.0,0.0,0.0,0.0,0.0,0.0,PE
0.0,0.0,0.0,0.4444,0.0,0.4444,0.0,0.0,0.0,0.0,0.0,0.0,0.1111,0.0,0.0,0.0,0.0,0.0,0.0,0.0,0.0,0.0,0.0,0.0,0.0,PE
0.0,0.0,0.0,0.0476,0.0,0.5238,0.1905,0.0,0.0,0.0,0.0,0.0,0.1905,0.0476,0.0,0.0,0.0,0.0,0.0,0.0,0.0,0.0,0.0,0.0,0.0,PE
0.0,0.0,0.0,0.0,0.0,0.8333,0.0833,0.0,0.0,0.0,0.0,0.0,0.0833,0.0,0.0,0.0,0.0,0.0,0.0,0.0,0.0,0.0,0.0,0.0,0.0,PE
0.0,0.0,0.0,0.1,0.0,0.5,0.1,0.1,0.0,0.0,0.0,0.0,0.0,0.2,0.0,0.0,0.0,0.0,0.0,0.0,0.0,0.0,0.0,0.0,0.0,PE
0.0,0.0,0.0,0.0769,0.0385,0.5385,0.1154,0.0385,0.0,0.0,0.0,0.0,0.0385,0.1538,0.0,0.0,0.0,0.0,0.0,0.0,0.0,0.0,0.0,0.0,0.0,PE
0.0,0.0,0.0,0.15,0.0,0.6,0.05,0.1,0.0,0.0,0.0,0.0,0.05,0.05,0.0,0.0,0.0,0.0,0.0,0.0,0.0,0.0,0.0,0.0,0.0,PE
0.0,0.0,0.0,0.25,0.0,0.5625,0.0625,0.0,0.0,0.0,0.0,0.0,0.125,0.0,0.0,0.0,0.0,0.0,0.0,0.0,0.0,0.0,0.0,0.0,0.0,PE
0.0,0.0,0.0,0.0588,0.0,0.5294,0.3529,0.0588,0.0,0.0,0.0,0.0,0.0,0.0,0.0,0.0,0.0,0.0,0.0,0.0,0.0,0.0,0.0,0.0,0.0,PE
0.0,0.0,0.0,0.3077,0.0,0.0769,0.1538,0.2308,0.0,0.0,0.0,0.0,0.0769,0.1538,0.0,0.0,0.0,0.0,0.0,0.0,0.0,0.0,0.0,0.0,0.0,PE
0.0,0.0,0.0,0.1739,0.0,0.6957,0.087,0.0435,0.0,0.0,0.0,0.0,0.0,0.0,0.0,0.0,0.0,0.0,0.0,0.0,0.0,0.0,0.0,0.0,0.0,PE
0.0,0.0,0.0,0.0,0.0,0.0,0.0,0.0,0.0,0.0,0.0,0.0,0.0,0.0,0.0,0.0,0.0,0.0,0.0,0.0,0.0,0.0,0.0,0.0,0.0,PE
0.0,0.0,0.0,0.0417,0.0,0.7083,0.125,0.0,0.0,0.0,0.0,0.0,0.0833,0.0417,0.0,0.0,0.0,0.0,0.0,0.0,0.0,0.0,0.0,0.0,0.0,PE
0.0,0.0,0.0,0.1944,0.0,0.5556,0.1111,0.0556,0.0,0.0,0.0,0.0,0.0278,0.0556,0.0,0.0,0.0,0.0,0.0,0.0,0.0,0.0,0.0,0.0,0.0,PE
0.0,0.0,0.0,0.0526,0.0,0.5789,0.0526,0.0526,0.0,0.0,0.0,0.0,0.1579,0.1053,0.0,0.0,0.0,0.0,0.0,0.0,0.0,0.0,0.0,0.0,0.0,PE
0.0,0.0,0.0,0.0313,0.0,0.7188,0.0938,0.0938,0.0,0.0,0.0,0.0,0.0313,0.0313,0.0,0.0,0.0,0.0,0.0,0.0,0.0,0.0,0.0,0.0,0.0,PE
0.0,0.0,0.0,0.0417,0.0,0.7083,0.0417,0.0417,0.0,0.0,0.0,0.0,0.125,0.0417,0.0,0.0,0.0,0.0,0.0,0.0,0.0,0.0,0.0,0.0,0.0,PE
0.0,0.0,0.0,0.1,0.0,0.5,0.2,0.1,0.0,0.0,0.0,0.0,0.0,0.1,0.0,0.0,0.0,0.0,0.0,0.0,0.0,0.0,0.0,0.0,0.0,PE
0.0,0.0,0.0,0.0,0.0,0.8824,0.0,0.1176,0.0,0.0,0.0,0.0,0.0,0.0,0.0,0.0,0.0,0.0,0.0,0.0,0.0,0.0,0.0,0.0,0.0,PE
0.0,0.0,0.0,0.1333,0.0667,0.6,0.1333,0.0,0.0,0.0,0.0,0.0,0.0667,0.0,0.0,0.0,0.0,0.0,0.0,0.0,0.0,0.0,0.0,0.0,0.0,PE
0.0,0.0,0.0,0.3077,0.0769,0.4615,0.0769,0.0,0.0,0.0,0.0,0.0,0.0,0.0769,0.0,0.0,0.0,0.0,0.0,0.0,0.0,0.0,0.0,0.0,0.0,PE
